87
10000 10000
-1 7352 6612 315 127
-1 0 6976 5903 609
-1 0 5211 356 1765
-1 1940 5211 2954 1765
-1 0 4248 1238 95
-1 7634 6998 33 403
-1 5903 5211 4097 460
-1 5903 5671 2731 177
-1 5903 5848 4097 584
-1 9360 5841 640 7
-1 2594 0 841 3309
-1 8687 5671 4 177
-1 0 1287 2495 897
-1 1420 5136 2798 2
-1 1276 4530 144 92
-1 2495 3309 940 799
-1 7352 6739 19 72
-1 1817 4108 1618 126
-1 1817 4897 2401 138
-1 6445 6494 1222 118
-1 6445 6811 926 90
-1 6445 6901 1113 684
-1 1817 4234 5035 663
-1 4218 0 5782 696
-1 4218 2738 4557 454
-1 4218 3192 5782 456
-1 4218 3648 2634 586
-1 6413 6432 1254 62
-1 0 130 2495 478
-1 351 4108 188 17
-1 8224 1558 1137 9
-1 1337 4622 83 413
-1 1337 5035 2881 101
-1 1337 5138 2881 73
-1 7750 6432 2250 1153
-1 6174 6432 84 1153
-1 0 7673 10000 2327
1 8775 2738 1225 454
2 7558 7560 55 25
3 8842 696 1158 862
4 6445 6612 907 199
5 1627 5211 313 1765
6 539 4108 699 17
7 9360 5671 640 170
8 664 4125 574 123
9 1238 4108 182 422
10 7613 6998 21 403
11 5795 5211 108 1765
12 8691 5671 669 177
13 6258 6432 98 62
14 2495 0 99 3309
15 8528 1567 1472 1171
16 8634 5671 53 177
17 0 4343 1238 868
18 6852 3648 3148 1249
19 4894 5211 413 1765
20 0 1109 2495 178
21 1337 5136 83 2
22 4218 696 4624 862
23 1238 4530 38 681
24 0 4125 664 123
25 933 608 1562 501
26 356 5211 528 1765
27 0 2184 2495 1924
28 7373 6739 294 162
29 4218 4897 5782 314
30 9647 1558 353 9
31 1420 4108 397 927
32 6258 6494 187 1091
33 5307 5211 488 1765
34 9361 1558 286 9
35 3435 0 783 4234
36 6356 6432 57 62
37 884 5211 743 1765
38 0 608 933 501
39 0 0 2495 130
40 7613 6901 54 97
41 7613 7401 54 184
42 0 4108 351 17
43 7371 6739 2 162
44 7558 6901 55 659
45 4218 1558 4006 1180
46 8224 1567 304 1171
47 1276 4622 61 589
48 7667 6432 83 1153
49 5903 6432 271 1153
50 0 7585 10000 88
