907
50000 50000
-1 25537 1357 24043 425
-1 6472 34669 7962 7885
-1 24619 15544 223 5
-1 25400 40476 500 62
-1 34767 27574 220 3754
-1 6472 42554 370 7446
-1 0 13003 12866 135
-1 3435 12676 9431 327
-1 0 34437 14434 232
-1 16114 34437 8505 1830
-1 16114 43363 107 618
-1 48361 74 1639 8
-1 26049 40419 219 57
-1 32564 22727 134 4046
-1 20727 42364 872 96
-1 0 13769 1639 1957
-1 0 13530 627 239
-1 28930 40502 11263 82
-1 29455 42874 6071 1113
-1 34987 17075 15013 5286
-1 24619 74 3254 8
-1 24619 82 918 345
-1 34266 0 1160 74
-1 27941 41665 12252 20
-1 16114 44063 21 52
-1 20125 10657 625 21
-1 20840 10657 78 45
-1 36938 82 1079 659
-1 24063 45000 917 2661
-1 29259 23871 1781 442
-1 47736 0 88 74
-1 16221 15726 8398 50
-1 16221 22892 8728 1421
-1 16221 24313 11698 381
-1 16221 24694 11087 2527
-1 16221 28645 16343 1202
-1 16221 29847 16477 223
-1 37923 35108 1695 1019
-1 14865 12676 19 507
-1 25790 15199 14038 13
-1 25790 15212 18518 498
-1 31015 44725 9985 522
-1 30452 17075 2246 4317
-1 22353 9070 500 722
-1 24619 9070 9655 163
-1 35491 0 397 74
-1 28787 44028 11760 112
-1 28915 36127 397 11
-1 1968 11668 10678 62
-1 19288 13278 225 100
-1 18252 14890 25228 309
-1 18252 15199 6367 283
-1 18252 15482 6590 62
-1 32997 0 981 74
-1 0 13411 971 9
-1 29455 43987 11092 41
-1 49509 43987 491 28
-1 26337 40733 2276 74
-1 16536 43698 7686 8
-1 31363 32998 561 159
-1 25650 33157 1984 32
-1 29670 35609 4196 518
-1 25944 40733 34 74
-1 26966 30954 5732 1400
-1 27941 41685 1739 318
-1 31928 41685 18072 631
-1 413 12509 67 167
-1 16114 42327 107 189
-1 16114 42149 107 48
-1 16885 42149 20 178
-1 0 13138 12832 116
-1 12883 12676 194 94
-1 24619 43363 361 196
-1 12883 13018 194 120
-1 24063 48028 556 582
-1 44042 0 518 74
-1 34337 16622 11658 453
-1 16536 43873 7686 64
-1 24619 43873 361 239
-1 22353 2056 500 3124
-1 28787 42459 6739 232
-1 29455 42310 559 6
-1 29455 42316 6071 143
-1 12896 9023 942 117
-1 16319 12676 638 252
-1 5446 31914 788 318
-1 29259 21392 3439 1335
-1 29259 22727 1781 165
-1 133 11748 170 601
-1 7739 5429 11774 2387
-1 7739 7816 13711 982
-1 16114 39777 8519 104
-1 4028 8798 2436 1053
-1 24063 47908 689 120
-1 24063 47736 556 172
-1 24650 47736 102 172
-1 16995 42149 474 43
-1 24898 49066 82 811
-1 394 12292 115 12
-1 640 11668 40 62
-1 640 11730 12006 494
-1 17421 13240 2092 33
-1 17421 13273 1590 5
-1 17421 13278 1782 100
-1 24619 15549 724 11
-1 26966 32822 3693 176
-1 26966 32354 3486 468
-1 30507 32354 152 468
-1 5446 32232 5727 1076
-1 16221 32998 9909 9
-1 16221 33090 8500 67
-1 16221 33157 8398 1280
-1 16221 33030 8421 60
-1 24663 33030 1467 7
-1 20286 42149 2646 33
-1 29492 33157 391 113
-1 29680 40584 10513 1010
-1 19513 8798 1937 95
-1 16221 33007 8398 23
-1 4562 14890 13095 654
-1 4562 15544 14150 182
-1 29680 49610 16991 390
-1 22353 9792 2266 702
-1 23957 9710 662 82
-1 25421 39358 1629 149
-1 24063 47661 689 75
-1 22353 5180 11921 3890
-1 28915 36138 498 45
-1 29405 36127 10788 11
-1 45995 82 4005 96
-1 24619 1782 9655 3398
-1 17479 48452 1307 1548
-1 17421 13378 2092 33
-1 27293 22892 3747 979
-1 21369 1139 81 35
-1 24619 42310 361 215
-1 37923 32998 1195 55
-1 37923 33053 197 140
-1 37923 33193 1195 84
-1 27941 42050 2073 92
-1 27941 42021 942 29
-1 29680 42021 334 29
-1 20125 12825 625 129
-1 22353 10494 23642 34
-1 44199 43987 13 273
-1 28422 39358 11771 269
-1 24619 12875 21376 536
-1 24167 12426 21828 449
-1 24757 39358 393 149
-1 24757 39507 2293 120
-1 0 12221 56 455
-1 3 11668 53 553
-1 20125 12954 282 457
-1 26575 0 241 21
-1 39367 38 3425 36
-1 21201 9817 249 293
-1 29682 33270 2953 340
-1 25562 40699 193 108
-1 4028 423 10269 911
-1 29680 37214 10513 2144
-1 27760 0 4598 74
-1 29073 42691 6453 183
-1 34164 31328 823 1444
-1 22915 1857 980 313
-1 27689 36197 12504 1017
-1 16536 43865 8444 8
-1 24501 43556 79 3
-1 24501 43559 479 89
-1 46229 43987 3240 28
-1 16020 12928 937 483
-1 24992 15482 31 67
-1 16221 30070 8980 2928
-1 30452 30070 2246 884
-1 22725 11869 23270 557
-1 27941 42003 2073 18
-1 16114 42516 1500 239
-1 17411 42327 614 38
-1 4329 17624 1075 517
-1 4329 18166 671 303
-1 4329 18469 1117 293
-1 4329 33308 6844 246
-1 16514 43363 2089 260
-1 16514 43623 7708 75
-1 16514 43698 9 239
-1 16514 43937 7708 51
-1 16514 43988 2089 124
-1 20750 10702 168 83
-1 16221 27221 16477 1424
-1 29035 24313 2005 2460
-1 29035 26773 3663 75
-1 21552 0 801 1043
-1 21552 1571 2343 149
-1 21450 1720 2445 26
-1 21450 4312 102 970
-1 30160 33157 3706 113
-1 16114 44244 21 69
-1 43572 82 610 96
-1 43572 178 6428 278
-1 119 12442 177 234
-1 24766 33090 20 67
-1 16114 42755 1911 152
-1 17411 42365 203 151
-1 38293 33128 760 62
-1 703 12713 100 22
-1 4028 1334 15485 4095
-1 19513 15 1804 602
-1 19513 960 1937 179
-1 19513 1139 1804 35
-1 16114 45049 107 1267
-1 22176 10528 23819 361
-1 16114 42197 463 130
-1 16995 42192 1030 135
-1 26975 32998 2302 119
-1 640 12224 509 68
-1 1212 12224 11434 158
-1 4329 19359 1117 4638
-1 4329 19018 768 341
-1 33435 33270 431 2195
-1 20125 10506 793 151
-1 20201 9817 717 399
-1 20201 10216 1000 224
-1 16221 16147 8398 6745
-1 25790 16147 18518 475
-1 25790 16622 4555 453
-1 46870 13497 3130 3578
-1 46870 8455 1992 5042
-1 12983 9851 6785 738
-1 12983 10589 6530 1079
-1 28702 40476 181 20
-1 28702 40496 566 6
-1 28702 40502 211 82
-1 28702 40584 181 223
-1 25078 0 81 74
-1 24053 42225 225 300
-1 32132 33008 195 91
-1 23186 838 1433 733
-1 10170 8798 3668 225
-1 10170 9023 171 117
-1 10170 9140 560 150
-1 25561 0 486 74
-1 394 12509 11 167
-1 16114 41234 8757 915
-1 24871 39627 270 182
-1 24871 39859 270 202
-1 24871 40061 15322 358
-1 24871 40419 731 57
-1 24871 40476 460 62
-1 24871 40538 360 108
-1 16114 40020 8529 1214
-1 16114 39971 8505 49
-1 21552 1043 1301 528
-1 22839 0 14 1043
-1 27018 40419 1865 57
-1 17972 8798 683 492
-1 25944 40615 2669 118
-1 27343 37275 233 1685
-1 27343 38960 346 167
-1 24619 42149 252 161
-1 12217 0 2080 423
-1 16114 39881 8529 90
-1 19513 8893 411 211
-1 20295 8893 1155 147
-1 26975 33117 2616 40
-1 20774 1174 676 37
-1 24580 43648 400 217
-1 22915 2170 933 175
-1 21384 186 66 469
-1 25944 40476 393 139
-1 25204 39930 14989 131
-1 25231 39859 14962 71
-1 37593 0 5199 38
-1 37593 38 1245 36
-1 16114 43198 8866 165
-1 17516 42972 30 189
-1 21046 42460 553 65
-1 21046 42525 3934 673
-1 48439 0 147 74
-1 4614 18775 832 243
-1 20201 10440 717 66
-1 21201 10615 351 274
-1 21201 10889 249 747
-1 21222 946 147 3
-1 21222 949 228 11
-1 4329 17138 1117 486
-1 21450 2587 102 319
-1 21450 2476 83 111
-1 16536 43706 7951 159
-1 24425 43363 155 193
-1 24425 43556 62 150
-1 19514 46849 82 3151
-1 0 13259 2091 152
-1 3435 13259 11449 81
-1 24819 33007 1311 23
-1 16114 36267 11222 227
-1 24671 36127 259 70
-1 24671 36197 2665 70
-1 16221 15776 28087 371
-1 24914 15710 19394 66
-1 21450 10475 102 140
-1 11231 9140 2607 150
-1 24687 35465 206 254
-1 24687 35905 112 222
-1 24871 39809 15322 50
-1 25181 39627 15012 182
-1 44686 0 2961 74
-1 99 11668 204 80
-1 99 11748 8 198
-1 43572 603 6428 138
-1 43572 456 2799 147
-1 48893 456 1107 147
-1 1247 12382 11399 294
-1 11797 9290 7716 116
-1 11797 9817 7971 26
-1 29680 42260 334 50
-1 27941 42142 1739 4
-1 39630 42316 10370 1671
-1 20750 13387 90 24
-1 4562 13411 41433 440
-1 19777 42182 295 182
-1 24619 44446 361 554
-1 17516 43161 509 37
-1 17584 42972 441 189
-1 26753 33610 5882 1855
-1 16114 36494 8505 3283
-1 24930 36494 2406 781
-1 25180 0 322 74
-1 4329 18141 1117 25
-1 4562 13851 38918 1039
-1 43714 13851 2281 757
-1 11797 9406 7996 411
-1 21450 11818 3074 51
-1 21450 11869 75 185
-1 21450 12054 208 509
-1 21450 12563 1275 256
-1 21450 12875 1112 13
-1 21450 12888 930 150
-1 20722 946 124 14
-1 680 12292 469 384
-1 20912 42182 2020 43
-1 20912 42225 687 139
-1 24619 427 12133 307
-1 32347 199 4405 228
-1 19513 617 1856 329
-1 28915 36183 397 14
-1 21522 7264 30 35
-1 24619 10889 21376 980
-1 703 12793 100 210
-1 775 12750 28 43
-1 20078 10678 672 16
-1 20078 10694 47 27
-1 20078 11185 47 1251
-1 20840 10965 78 671
-1 20750 10785 90 38
-1 24974 33189 2660 81
-1 29680 40419 10513 83
-1 0 13254 14884 5
-1 13077 13183 1807 71
-1 24687 35719 122 186
-1 27941 42146 942 164
-1 40817 32998 7521 436
-1 3435 13340 9642 71
-1 14724 13340 160 71
-1 29259 26848 3439 373
-1 11865 9843 7903 8
-1 24663 33037 122 53
-1 24819 33037 1311 120
-1 24770 48028 106 1849
-1 29455 44140 11092 585
-1 29455 44725 225 41
-1 20774 1254 676 3
-1 19931 0 1519 15
-1 41961 1782 7619 2223
-1 41961 4005 6973 367
-1 41961 4372 4034 4861
-1 33795 45247 12876 4363
-1 16334 44112 8646 334
-1 16334 44446 1212 472
-1 27741 35465 6125 144
-1 24930 39127 2759 231
-1 570 12367 50 203
-1 570 12570 70 31
-1 570 12601 55 75
-1 29179 44766 501 3125
-1 29179 47891 276 31
-1 29179 47922 501 875
-1 29179 48797 276 1203
-1 29680 36138 10513 59
-1 16114 42907 107 291
-1 17411 42907 614 65
-1 24770 49877 210 123
-1 16221 44918 1325 82
-1 48891 32998 1109 436
-1 107 12349 196 28
-1 107 12377 189 65
-1 32132 33099 374 58
-1 28971 42146 667 59
-1 5446 33554 5727 883
-1 25247 734 11505 7
-1 25247 741 24753 30
-1 25247 771 24333 586
-1 25247 1357 146 425
-1 25231 40784 215 23
-1 25231 40807 3652 787
-1 25231 41594 14962 71
-1 21450 2344 102 132
-1 21552 1746 2343 111
-1 21552 1857 1301 199
1 25393 1357 144 160
2 30454 33078 909 79
3 0 34669 6472 15331
4 18712 15544 5907 182
5 20078 10070 47 608
6 22176 8882 107 1646
7 18603 43363 5619 260
8 25331 40476 69 62
9 27308 24694 611 1999
10 38017 82 413 659
11 19513 946 425 14
12 20846 946 229 14
13 34164 27574 603 3754
14 6842 42554 7592 7446
15 24619 15560 724 150
16 803 12676 2632 327
17 18786 46849 213 3151
18 14434 34437 1680 15563
19 22380 12888 182 150
20 16114 47483 107 1280
21 41231 74 7130 8
22 5404 17624 42 446
23 20487 1174 162 83
24 25602 40419 447 57
25 31040 22727 1524 4046
26 19793 9104 502 713
27 16114 46316 107 1167
28 28883 40660 797 934
29 24893 35465 170 662
30 18025 42364 2702 96
31 48487 33775 1294 1333
32 30454 33055 909 23
33 26424 22892 170 979
34 25272 42091 2669 219
35 20649 1189 125 68
36 16114 44313 35 633
37 38120 33053 933 75
38 627 13530 1012 239
39 25023 15482 323 35
40 28913 40502 17 82
41 39828 15199 2412 13
42 28787 42874 668 1154
43 29680 47400 4115 2210
44 34164 17075 823 10499
45 28613 40538 27 269
46 23186 0 1433 273
47 33978 0 288 74
48 21450 6730 95 534
49 19513 1204 442 53
50 25231 41665 2710 426
51 29455 47891 225 31
52 5358 34211 88 226
53 16135 44063 14 250
54 24721 33090 17 67
55 20750 10657 90 45
56 24980 43706 2966 6294
57 36752 82 186 659
58 19596 45000 4467 5000
59 27873 74 428 8
60 24949 23871 4310 442
61 32564 28645 10 1202
62 26337 40476 2276 139
63 45995 4372 875 1573
64 22283 8882 70 1646
65 19955 1174 106 83
66 296 12657 98 19
67 47647 0 89 74
68 5446 15726 10775 16188
69 4614 18762 832 13
70 33866 34557 4057 1570
71 29093 74 12138 8
72 4028 9851 856 1817
73 13077 12676 1788 507
74 24619 15199 1171 283
75 20061 1174 426 83
76 29680 44725 1335 522
77 29259 17075 1193 4317
78 22853 9070 1766 507
79 35426 0 65 74
80 27946 42310 841 7690
81 24930 36127 3985 70
82 20125 11818 40 1007
83 680 11668 1288 62
84 20750 10823 90 1332
85 107 12526 12 150
86 26575 60 241 14
87 19203 13278 85 100
88 17657 14890 595 654
89 32953 0 44 74
90 19513 10589 255 2822
91 49469 43987 40 28
92 26106 40733 231 74
93 16523 43698 13 239
94 30454 32998 909 57
95 24619 33157 1031 32
96 25393 1517 144 265
97 27741 35609 1929 518
98 31924 32998 208 159
99 29915 32998 539 81
100 20184 6744 1266 1072
101 25755 40733 189 74
102 25201 30954 1765 2044
103 56 11883 27 63
104 30014 41685 1914 631
105 405 12509 8 167
106 38120 33190 998 3
107 16577 42149 308 178
108 12866 12676 17 462
109 24580 43363 39 196
110 303 12142 91 235
111 12883 12770 194 248
112 24886 48028 94 1038
113 23848 2170 47 175
114 44164 44260 48 429
115 42792 0 1250 74
116 30345 16622 3992 453
117 24222 43873 397 217
118 21702 2056 651 6826
119 28787 42310 668 149
120 10341 9023 2555 117
121 16020 12676 299 252
122 4329 23997 1117 9311
123 16381 44096 133 16
124 24619 17075 4640 5817
125 107 11748 26 123
126 24786 33090 33 67
127 4028 5429 3711 3369
128 19513 6744 671 1072
129 16114 48763 107 1237
130 24619 39627 24 150
131 48586 0 212 74
132 18603 43988 5619 124
133 0 0 4028 11668
134 19011 13273 502 5
135 24619 47736 31 172
136 21317 15 52 387
137 16905 42149 90 178
138 28883 42205 797 105
139 21450 13038 1112 373
140 24876 49066 22 227
141 394 11668 246 624
142 625 12601 15 75
143 16957 13240 464 92
144 25346 15482 444 67
145 32506 32998 1360 159
146 296 12601 98 56
147 30452 32354 55 468
148 11173 32232 5048 2205
149 24642 33030 21 60
150 18025 42149 2261 33
151 26047 0 28 74
152 27634 33157 1858 113
153 28883 40584 797 76
154 23186 273 1433 104
155 46671 45247 1991 4753
156 18655 8798 858 492
157 37923 33775 5108 1333
158 24799 35905 10 222
159 107 11871 26 478
160 24619 33007 79 15
161 29591 32998 324 81
162 48559 33371 102 63
163 1639 14394 2923 1332
164 25141 39859 63 202
165 29455 48797 225 1203
166 22853 9710 1104 82
167 19768 11721 310 1690
168 703 12735 100 15
169 25150 39358 271 149
170 509 12292 87 12
171 21450 3523 102 17
172 971 13411 668 119
173 4329 33554 77 657
174 44308 15199 1687 1423
175 45995 5945 875 11130
176 24841 47661 139 367
177 18786 45000 584 1849
178 37923 33277 1195 2
179 5000 18166 116 303
180 22853 2345 1766 2835
181 29312 36127 93 11
182 44182 82 1813 96
183 24619 33022 200 8
184 23895 1571 724 774
185 16221 48452 1258 1548
186 22442 12037 283 526
187 21201 10110 249 505
188 27576 37275 113 1685
189 32347 82 4405 117
190 20295 9040 1155 777
191 16957 13332 464 79
192 38472 33279 646 155
193 22853 9577 558 133
194 40193 36127 9807 5558
195 24063 48610 556 1390
196 26594 22892 699 979
197 48798 0 139 74
198 25755 40699 189 34
199 21317 1139 52 35
200 24278 42225 341 300
201 21369 15 81 171
202 45929 44725 4071 522
203 16221 45000 2565 3452
204 33866 32998 4057 1559
205 43693 44315 471 410
206 28883 42021 797 29
207 20078 12436 47 679
208 24619 9233 21376 1261
209 44164 43987 35 273
210 49290 0 710 74
211 25264 35465 830 662
212 26575 21 241 39
213 21450 2958 102 531
214 27050 39358 1372 269
215 22562 12875 2057 536
216 22725 12426 1442 449
217 44560 50 126 24
218 24619 39358 138 269
219 0 11668 3 553
220 25231 40776 181 8
221 20407 12954 343 457
222 26075 0 500 29
223 32574 28645 124 1202
224 39334 38 33 36
225 20918 9817 283 399
226 38838 38 243 36
227 24619 33270 5063 340
228 39081 38 111 36
229 44130 33775 4357 1333
230 19763 1174 192 30
231 0 12676 520 327
232 49580 771 420 3601
233 37923 33279 549 155
234 21552 2056 150 6826
235 6234 31914 653 318
236 32358 0 595 74
237 25446 40699 116 108
238 21450 3540 102 772
239 4028 0 7915 423
240 39192 38 142 36
241 18999 48243 515 1757
242 27689 37214 1991 2144
243 27387 0 373 74
244 28787 42691 286 183
245 21450 5282 102 44
246 21450 2906 102 52
247 49657 44015 343 446
248 32698 17075 1466 15034
249 22853 1857 62 18
250 39618 35108 10382 1019
251 27336 36197 353 1078
252 24487 43556 14 309
253 44212 43987 2017 28
254 14884 12676 1136 592
255 24842 15482 150 67
256 21525 11869 133 185
257 48662 45247 1338 4753
258 24524 11818 95 51
259 25201 30070 5251 884
260 24980 42310 2966 1396
261 22610 11869 115 168
262 43031 33775 1099 1333
263 16274 44079 107 33
264 29680 41685 334 318
265 16221 42327 1190 189
266 0 15726 4329 18711
267 16221 43363 293 716
268 20165 10694 585 2131
269 28717 24313 318 2908
270 25063 35465 201 662
271 394 12304 202 63
272 703 12676 100 37
273 56 11668 27 215
274 21450 0 102 1720
275 19513 1257 1937 5487
276 43714 14608 2281 591
277 30097 33157 63 113
278 26075 29 500 45
279 20078 10721 47 464
280 16114 44115 21 129
281 38430 82 5142 659
282 107 12442 12 84
283 5268 34211 90 226
284 25343 15549 447 84
285 20078 9817 47 253
286 24738 33090 28 67
287 17614 42365 411 390
288 38120 33128 173 62
289 520 12676 183 57
290 394 12367 86 142
291 6887 31914 9334 318
292 14297 0 5216 1334
293 19513 1174 78 30
294 16114 44946 107 103
295 4329 34211 722 226
296 520 12733 183 270
297 21552 8882 624 2007
298 16221 42149 356 48
299 35888 0 693 74
300 17469 42149 38 43
301 26130 32998 845 159
302 1149 12224 63 452
303 22853 0 333 1571
304 25231 40699 181 77
305 44164 44689 48 36
306 5097 19018 349 341
307 19924 9022 371 82
308 32635 33270 800 2195
309 25412 40699 34 85
310 17711 42149 314 43
311 20125 9817 76 689
312 24222 44090 397 22
313 24619 16147 1171 928
314 48862 8455 1138 5042
315 29268 40496 412 6
316 48338 33371 221 63
317 4884 9851 8099 1817
318 28640 40476 62 331
319 24619 0 459 74
320 23411 9577 1208 133
321 21599 42225 2454 300
322 26816 0 571 74
323 14884 13268 1136 143
324 21450 3513 102 10
325 20078 13115 47 296
326 32698 32109 1466 245
327 21450 6716 102 14
328 32132 32998 195 10
329 24319 377 300 461
330 21545 6730 7 534
331 6464 8798 3706 1053
332 22317 11869 293 168
333 34164 32772 823 226
334 25502 0 59 74
335 296 12377 98 208
336 34987 22361 15013 10637
337 44412 44725 1517 522
338 24643 39627 228 1607
339 0 13420 971 110
340 24619 39971 24 49
341 22353 0 486 1043
342 303 11668 91 474
343 509 12367 46 309
344 26999 40419 19 57
345 13838 8798 4134 492
346 25231 40538 713 161
347 46870 4372 3130 4083
348 24930 37275 2413 1852
349 22932 42149 1687 76
350 11943 0 274 423
351 24633 39777 10 104
352 19924 8893 371 129
353 30659 32354 3505 644
354 29277 32998 314 119
355 20649 1174 125 15
356 24501 43648 79 217
357 620 12367 20 203
358 22853 1875 62 470
359 21369 186 15 763
360 25900 40476 44 62
361 44212 44015 5445 710
362 25204 39859 27 71
363 24619 35465 49 662
364 24876 48028 10 427
365 36581 0 1012 74
366 17411 42972 105 226
367 21450 3489 102 24
368 18025 42460 3021 738
369 48937 0 353 74
370 39053 33053 65 137
371 16957 12889 2556 351
372 480 12367 29 309
373 29883 33157 214 113
374 47824 0 615 74
375 4329 18762 285 256
376 20918 10440 283 1196
377 21075 946 147 14
378 4329 15726 1117 1412
379 21533 2476 19 111
380 640 12367 40 309
381 24222 43363 203 343
382 18999 46849 515 1394
383 2091 13259 1344 152
384 23186 377 1133 461
385 24698 33007 121 15
386 26268 40419 731 57
387 24619 36127 52 140
388 5051 34211 217 226
389 24619 15710 295 66
390 21450 7299 102 3176
391 10730 9140 501 150
392 24752 47661 89 367
393 5116 18166 330 303
394 24668 35465 19 662
395 16221 44079 53 33
396 25141 39627 40 182
397 5404 18070 42 33
398 44560 0 126 50
399 83 11668 16 278
400 46371 456 2522 147
401 1212 12382 35 294
402 10170 9290 1627 553
403 29680 42142 334 118
404 35526 42316 4104 1671
405 20750 12155 90 1232
406 1639 13411 2923 983
407 19591 1174 172 30
408 18025 42182 1752 182
409 42240 15199 2068 13
410 25231 42091 41 219
411 17546 44446 7073 554
412 40547 43987 3146 738
413 17546 42972 38 189
414 24619 33610 2134 1855
415 24619 36494 311 822
416 27919 24313 798 2908
417 28301 74 792 8
418 25343 15687 447 23
419 25159 0 21 74
420 5404 18103 42 38
421 43480 13851 234 1348
422 19513 9104 280 302
423 20840 11636 610 1775
424 16381 44079 133 17
425 20273 946 449 14
426 596 12292 84 75
427 19938 946 335 14
428 34274 1782 6995 7451
429 20072 42182 840 182
430 25537 82 6810 345
431 21317 402 52 215
432 21384 655 66 294
433 29312 36183 368 14
434 24949 22892 1475 979
435 21450 7264 72 35
436 21450 12819 1275 56
437 17507 42149 204 43
438 21450 10889 3169 929
439 703 12750 72 43
440 19768 9817 310 1904
441 20840 10785 78 180
442 22317 12037 125 526
443 24619 33189 355 81
444 25023 15517 323 32
445 29591 33079 863 78
446 29183 40419 497 77
447 37923 33434 12077 341
448 12832 13138 245 116
449 24809 35719 84 408
450 29638 42146 42 59
451 48934 4005 646 367
452 39118 32998 1699 436
453 41000 44725 3412 522
454 16114 43981 35 82
455 13077 13340 1647 71
456 29035 26848 224 373
457 10170 9843 1695 8
458 49657 44461 343 264
459 49781 33775 219 1333
460 19370 45000 226 1849
461 24785 33037 34 53
462 24619 48028 151 1972
463 28787 44140 668 626
464 48338 33086 553 285
465 20125 10694 40 1124
466 20774 1211 638 43
467 16957 12676 2556 213
468 43693 43987 471 328
469 28613 40476 27 62
470 25343 15633 447 54
471 21658 11869 659 694
472 19513 0 418 15
473 41269 1782 692 7451
474 29680 45247 4115 2153
475 16221 44112 113 806
476 26094 35465 1647 662
477 24619 37316 311 2042
478 555 12367 15 309
479 28787 44766 392 5234
480 29413 36138 267 45
481 27308 26693 611 528
482 16221 42907 1190 291
483 24876 49293 22 584
484 16149 43981 72 965
485 12646 11668 6867 1008
486 48338 32998 553 88
487 24876 48455 10 611
488 56 11946 51 730
489 28883 40419 300 77
490 32327 32998 179 101
491 48661 33371 230 63
492 28883 42146 88 59
493 4406 33554 1040 657
494 24619 734 628 1048
495 24871 40646 360 1664
496 296 12585 98 16
497 21450 1746 102 598
498 25978 40733 128 74
499 21450 5326 102 1390
500 21412 1211 38 43
