907
1 1 3
2 3 2
3 0 3
4 2 5
5 3 3
6 3 1
7 1 3
8 1 3
9 2 2
10 2 2
11 2 2
12 1 3
13 2 2
14 1 2
15 5 2
16 4 7
17 4 1
18 9 21
19 2 2
20 5 0
21 7 7
22 2 2
23 4 1
24 1 5
25 0 7
26 6 3
27 3 1
28 1 4
29 4 2
30 4 3
31 4 0
32 3 1
33 4 0
34 3 3
35 4 2
36 4 1
37 2 3
38 3 2
39 3 1
40 1 3
41 1 3
42 2 4
43 3 4
44 4 3
45 3 3
46 3 2
47 1 2
48 5 1
49 6 0
50 3 6
51 1 3
52 2 2
53 4 2
54 2 2
55 1 5
56 4 8
57 2 5
58 3 6
59 2 2
60 5 5
61 1 3
62 4 3
63 2 2
64 2 5
65 4 1
66 2 2
67 1 2
68 10 17
69 2 2
70 2 5
71 17 7
72 2 2
73 3 4
74 3 6
75 3 1
76 1 4
77 2 3
78 3 3
79 1 2
80 7 3
81 6 6
82 3 2
83 1 3
84 4 2
85 3 1
86 3 1
87 1 3
88 0 6
89 2 1
90 6 6
91 1 3
92 1 3
93 0 7
94 3 2
95 4 6
96 1 3
97 3 4
98 2 4
99 5 1
100 5 1
101 1 3
102 2 5
103 3 1
104 2 8
105 2 2
106 3 3
107 2 3
108 3 4
109 0 5
110 5 3
111 2 2
112 5 1
113 2 2
114 5 1
115 1 3
116 3 4
117 2 4
118 4 3
119 2 4
120 1 5
121 2 2
122 2 4
123 2 2
124 5 6
125 1 3
126 2 2
127 2 4
128 2 2
129 3 0
130 3 2
131 1 2
132 2 3
133 9 7
134 2 4
135 0 4
136 3 2
137 1 4
138 4 4
139 3 2
140 3 2
141 5 4
142 2 2
143 2 4
144 4 1
145 3 2
146 2 2
147 0 4
148 2 11
149 1 4
150 3 3
151 2 2
152 1 4
153 2 4
154 4 1
155 2 2
156 1 5
157 5 1
158 1 3
159 2 3
160 2 2
161 3 1
162 4 0
163 3 4
164 1 4
165 1 3
166 2 3
167 4 2
168 3 2
169 0 4
170 3 1
171 4 0
172 3 2
173 3 1
174 3 5
175 5 13
176 4 2
177 5 0
178 4 1
179 1 3
180 3 4
181 1 3
182 1 3
183 3 4
184 3 6
185 3 1
186 4 2
187 3 4
188 2 2
189 3 1
190 4 3
191 1 4
192 4 0
193 3 1
194 1 16
195 2 1
196 3 1
197 2 1
198 2 2
199 0 4
200 1 4
201 3 2
202 5 1
203 7 3
204 9 5
205 5 0
206 0 4
207 3 3
208 5 5
209 2 2
210 1 1
211 4 0
212 4 1
213 4 0
214 1 5
215 4 4
216 3 3
217 2 2
218 3 3
219 1 2
220 3 1
221 1 4
222 3 1
223 2 2
224 2 2
225 2 3
226 2 2
227 3 5
228 3 1
229 4 0
230 3 1
231 8 5
232 2 4
233 4 0
234 15 5
235 2 2
236 2 1
237 2 3
238 3 1
239 2 1
240 3 1
241 2 1
242 3 5
243 1 2
244 2 2
245 3 1
246 3 1
247 2 1
248 5 10
249 1 3
250 6 2
251 4 5
252 1 6
253 1 3
254 3 5
255 1 4
256 1 3
257 2 0
258 1 3
259 1 4
260 5 7
261 2 2
262 4 0
263 5 1
264 1 3
265 2 7
266 6 10
267 4 7
268 5 4
269 3 3
270 4 0
271 7 2
272 2 2
273 3 1
274 4 11
275 20 8
276 4 1
277 2 2
278 4 1
279 2 2
280 2 2
281 3 5
282 2 2
283 3 1
284 4 2
285 4 0
286 2 2
287 2 4
288 2 2
289 7 3
290 5 2
291 3 2
292 5 7
293 3 1
294 4 2
295 4 1
296 4 3
297 5 3
298 1 3
299 2 1
300 1 3
301 1 8
302 2 4
303 3 4
304 4 0
305 4 0
306 1 3
307 3 2
308 0 5
309 4 1
310 3 2
311 3 4
312 2 2
313 1 4
314 1 2
315 1 3
316 3 1
317 4 5
318 2 6
319 1 2
320 4 1
321 1 6
322 3 2
323 1 4
324 4 0
325 2 2
326 2 2
327 5 0
328 3 1
329 3 3
330 3 1
331 4 5
332 4 1
333 3 1
334 0 3
335 3 4
336 5 6
337 3 1
338 5 11
339 2 2
340 1 3
341 0 3
342 3 2
343 5 0
344 2 2
345 0 6
346 7 6
347 5 2
348 3 4
349 2 5
350 1 2
351 2 2
352 1 3
353 8 5
354 2 3
355 2 2
356 1 3
357 2 2
358 2 4
359 4 4
360 2 2
361 9 3
362 1 3
363 3 1
364 3 1
365 2 2
366 1 4
367 4 0
368 2 8
369 2 1
370 3 2
371 3 3
372 4 1
373 2 2
374 1 3
375 2 3
376 3 8
377 1 4
378 3 2
379 1 3
380 4 2
381 1 6
382 4 1
383 1 4
384 3 1
385 2 2
386 2 3
387 2 4
388 3 1
389 2 3
390 6 6
391 2 2
392 2 5
393 2 2
394 3 4
395 4 0
396 0 4
397 3 1
398 1 2
399 4 2
400 0 4
401 2 2
402 3 5
403 3 3
404 0 7
405 4 2
406 4 5
407 3 1
408 3 3
409 4 2
410 4 0
411 4 5
412 3 5
413 0 4
414 7 4
415 2 3
416 4 2
417 3 1
418 2 2
419 0 3
420 2 2
421 2 4
422 2 3
423 6 10
424 3 1
425 1 3
426 5 3
427 2 2
428 2 4
429 2 5
430 4 4
431 2 2
432 2 2
433 1 4
434 3 1
435 3 1
436 3 2
437 2 2
438 3 5
439 2 2
440 6 7
441 2 3
442 3 1
443 2 2
444 3 2
445 6 3
446 2 3
447 12 2
448 2 5
449 2 3
450 2 2
451 2 2
452 6 3
453 5 2
454 3 2
455 0 4
456 1 3
457 3 2
458 3 0
459 3 0
460 4 1
461 1 4
462 2 4
463 2 4
464 4 2
465 3 3
466 2 2
467 3 1
468 4 1
469 3 1
470 3 1
471 3 3
472 1 2
473 2 4
474 2 3
475 3 3
476 4 2
477 3 3
478 3 3
479 2 4
480 1 3
481 2 2
482 1 4
483 1 3
484 7 2
485 7 9
486 2 2
487 3 1
488 6 5
489 1 4
490 3 2
491 3 1
492 1 3
493 5 2
494 2 7
495 7 7
496 2 2
497 2 4
498 1 3
499 4 0
500 2 2
0 1517
0 1517
0 15726
6472 34669
0 15726
0 1517
6472 34669
0 1517
0 0
0 0
6472 43623
0 0
0 15726
6472 34669
0 15726
34767 27574
34767 27574
0 27574
14434 43623
6472 40538
6472 34669
6472 40538
0 15726
0 31328
0 1517
18999 46849
0 1517
0 8882
0 34669
0 13038
0 1517
0 10678
34767 27574
0 18070
0 1517
16114 44946
16114 44946
0 31328
22283 8882
0 15212
0 1517
32564 22727
0 22892
34987 17075
22283 8882
16221 46316
0 1517
16114 36127
0 15726
0 7264
16114 35465
16114 36127
0 1517
16114 48763
0 1517
38430 82
0 18070
16114 48763
0 1517
16114 34557
27946 44028
16221 17075
0 7264
0 13769
0 33157
0 13769
0 15199
0 34669
6472 34669
24980 43706
16114 42460
0 18775
0 1517
0 33157
5446 15726
16221 22727
0 34669
0 18775
0 18775
29455 42874
0 34669
24619 9070
34987 17075
16114 36197
5446 15726
16221 29847
34987 17075
25272 42091
0 4372
26966 31328
0 1782
34987 17075
0 1357
0 7816
16221 21392
16114 34557
0 33775
5446 15726
34987 17075
5446 15726
22353 9577
16221 22892
0 6744
29680 40660
16114 36197
0 6744
0 2056
16221 28645
0 9851
16221 15726
22353 5945
26966 31328
38120 33053
18999 46849
0 13769
22353 5945
6842 42554
6842 42554
0 14890
16221 24694
16221 16622
34987 17075
22353 4372
34767 27574
16114 36197
34987 17075
16221 30954
31015 44725
16221 24694
22176 8882
4329 23997
0 34669
34987 17075
0 33775
22353 2345
20840 10823
0 13769
34987 17075
4028 1782
6842 42554
6842 42554
0 0
4028 741
22853 9070
6842 42554
22353 5945
18252 14890
34767 27574
16221 30954
22353 4372
0 13769
0 34669
16221 15726
6472 34669
0 15544
26966 31328
16114 36197
16221 17075
24980 43706
46671 45247
24619 17075
16221 26773
16114 36197
16221 17075
16114 36197
22853 9070
0 34669
4028 2056
0 34669
22353 5945
16221 33434
26966 31328
34987 17075
4562 14890
28787 44260
26966 31328
24619 17075
34987 17075
16221 33434
16221 22892
29492 33193
38430 82
34767 27574
34987 17075
16114 36197
6842 42554
4028 3540
20840 10823
16114 36197
4562 14890
34987 17075
0 15726
5446 15726
34164 17075
29455 42874
4028 9290
34987 17075
1639 13411
21702 2056
4028 3540
5446 15726
20165 12563
24619 1782
46870 4372
16114 34557
29680 47400
4562 14394
0 34669
16221 26773
6842 42554
24619 1782
26966 31328
22725 12037
22562 12888
4329 23997
5446 15726
0 23997
16114 37275
25343 15560
16221 28645
27919 24694
33795 47400
6472 34669
0 23997
5446 15726
34767 27574
20649 1174
24619 1782
16221 24313
5446 15726
0 0
46870 4372
34164 27574
0 34669
0 13240
40193 36127
4884 10589
27689 37275
6842 42554
29093 74
24980 43706
16221 26773
22353 5180
16114 40061
34767 27574
24619 4372
0 18775
24619 15199
16221 33610
34337 16622
26094 35465
0 18469
34987 17075
4028 3523
16221 22892
24619 4372
7739 5429
5446 15726
34987 17075
4884 10070
24619 9233
24619 1782
34987 17075
4562 14394
24501 43559
5446 15726
0 34669
4329 23997
20840 10823
16114 37275
5446 15726
18603 43988
7739 5429
16221 30070
27946 42310
16221 17075
29680 40584
4562 14890
34987 17075
24619 1782
6472 34669
6472 34669
16114 40061
5446 15726
16114 37275
24619 17075
24619 4372
0 0
0 34669
4884 10589
24619 4372
16221 33270
0 34669
16114 36197
34987 17075
16221 27221
5446 15726
16221 33610
16221 33610
28787 45247
21552 771
0 0
5446 15726
5446 34211
4562 14890
46870 4372
4884 9851
24619 4372
16221 17075
46870 4372
16114 34437
16114 34437
44130 33775
4884 9851
22353 5180
34987 17075
22725 11869
0 34669
4562 14608
22353 5180
16221 27221
0 13769
24167 12426
0 34437
29680 40584
14434 34437
16149 44112
34987 17075
34987 17075
0 34669
14434 34437
0 15726
29455 42874
29680 47400
16114 36197
5446 15726
24619 1782
0 15726
34164 31328
6842 42554
7739 5429
31928 41685
24619 1782
5446 15726
29680 37214
16221 27221
0 0
39618 35108
34987 22361
19513 1257
39618 35108
6472 34669
14434 34437
22353 5180
16221 26693
46870 4372
26966 30954
38430 82
31015 44725
34987 17075
5446 15726
19596 45000
40193 36127
16114 37275
12983 10589
0 15726
0 34669
25537 1357
0 15726
0 0
21450 13038
4028 5429
21201 10889
16221 45000
24930 37275
22353 5180
22353 5180
24619 4372
0 34669
16221 15776
0 34669
4028 5429
34987 22361
21046 42525
18252 15482
21702 2056
22853 2345
34987 17075
23186 838
33795 47400
4028 1334
16221 45000
22353 5180
6842 42554
19513 1257
24619 1782
22353 5180
28787 45247
22353 5180
5446 15726
7739 7816
40193 36127
29680 37214
0 15726
16114 34437
33795 47400
34987 17075
39118 33277
4562 13851
34987 22361
16221 27221
16114 37316
16114 39358
24619 1782
19596 45000
1247 12382
22353 5180
22853 2345
6842 42554
0 34669
5446 15726
34987 17075
24980 43706
41269 1782
0 15726
34987 22361
34987 22361
4028 1334
34274 1782
34164 17075
16221 27221
29259 22727
45995 5945
27919 24313
0 0
16114 36494
34337 16622
0 15726
34987 22361
24619 17075
34274 1782
0 15726
30659 32354
6842 42554
27689 36197
16114 41665
14434 34437
16221 28645
24930 37275
7739 7816
34987 17075
16221 16147
34987 22361
5446 15726
16221 28645
24619 771
34987 17075
34987 17075
5446 15726
16221 24313
29259 17075
4562 13411
24619 1782
6842 42554
0 34669
5446 15726
30452 30070
14434 34437
28422 39358
46870 4372
24619 9233
4562 13851
6472 34669
0 0
30452 17075
4028 1334
14434 34437
0 15726
5446 15726
7739 5429
0 0
6842 42554
19596 45000
39630 42316
24619 12875
22725 11869
25537 1357
6472 42554
6842 42554
34987 17075
40193 36127
4028 9851
4562 13411
16114 41234
5446 15726
34987 22361
24619 1782
39618 35108
0 34669
16221 24694
4562 13851
34987 22361
21658 11869
21702 2056
4329 23997
34987 17075
34987 17075
18252 14890
24619 9233
24619 12875
0 34669
24619 9233
4028 0
6472 34669
16221 30070
18786 45000
29680 47400
31928 41685
38430 82
4028 1334
4028 1334
16221 48452
4562 13411
27946 42310
22353 5180
26966 30954
29455 42874
16221 33157
27689 37214
12983 9851
16221 15776
46870 8455
0 34669
32698 17075
4028 1334
16514 43937
19513 1257
25790 16147
34987 17075
5446 15726
34987 22361
32698 17075
25537 1357
22176 10528
34987 22361
34987 17075
30345 16622
0 0
6472 42554
24619 1782
34274 1782
41961 4372
25537 1357
6472 34669
0 0
16221 15776
0 15726
34987 22361
24619 9233
24619 9233
6472 34669
6472 34669
6842 42554
4884 9851
4884 9851
46870 4372
0 15726
5446 15726
25247 771
0 34669
19793 9104
16114 39777
0 15726
34337 16622
0 0
0 0
16114 36494
27689 36197
4329 33308
22853 2345
16221 27221
28787 42459
22353 5180
4028 1334
12646 11668
34987 22361
26966 30954
24619 17075
46870 13497
12983 9851
5446 15726
29680 37214
48662 45247
12983 10589
27689 36197
41269 1782
40193 36127
34987 17075
28787 44766
28787 44028
13077 12676
24619 1782
16221 24694
16221 24694
5446 15726
16221 16147
5446 15726
0 15726
11173 32232
5446 15726
34987 17075
7739 5429
16221 16147
40817 32998
19596 45000
24619 33270
26594 22892
34274 1782
5446 15726
0 34669
4562 13851
4562 15544
16221 28645
25790 16622
27689 36197
49580 771
18603 43988
29680 37214
34987 17075
34987 17075
16221 24694
34987 17075
26594 22892
18655 8798
0 15726
4329 15726
22725 12426
6472 34669
41961 4372
40193 36127
46671 45247
46870 8455
34337 16622
0 34669
6472 34669
0 34669
34274 1782
31928 41685
6472 34669
25201 30954
23186 838
33795 45247
0 15726
41961 1782
46870 8455
7739 7816
25247 741
41000 44725
4028 5429
5446 15726
29680 40584
16221 30070
0 34437
4562 13851
45929 44725
29680 47400
12646 11668
19596 45000
11173 32232
5446 15726
22725 12426
33795 45247
16221 24694
4028 0
24619 33610
45995 5945
22353 2056
25231 41594
5446 15726
16114 36494
4562 13851
29259 17075
24619 9233
34337 16622
14434 34437
0 34669
0 0
34987 17075
0 0
7739 5429
0 15726
33866 34557
22176 10528
5446 15726
34164 17075
16221 33157
7739 5429
34987 17075
6472 42554
34274 1782
39630 42316
16221 30070
25790 16622
41961 4005
24980 43706
5446 15726
34987 17075
27689 36197
19513 1257
29680 45247
34987 22361
34987 22361
34987 17075
37923 33434
21450 10889
7739 7816
12983 9851
30452 17075
16221 16147
5446 15726
41961 4372
34987 22361
5446 15726
0 34669
4562 13851
34987 17075
5446 15726
4884 9851
16221 30070
24980 43706
5446 15726
33435 33270
34987 22361
16114 36494
41961 4372
16221 16147
34987 17075
19596 45000
24619 10889
4562 13851
39630 42316
33795 45247
31040 22727
12983 9851
34987 22361
25537 1357
24619 33610
4562 15544
4028 1334
27293 22892
22353 10494
24619 9233
0 15726
34987 17075
22353 5180
41961 4372
5446 15726
16114 40020
48487 33775
34987 22361
41961 4372
4028 1334
32698 17075
22176 10528
4562 13851
4562 13851
40193 36127
4028 1334
4028 9851
34987 22361
16221 22892
34987 22361
34987 22361
16221 16147
12983 10589
31040 22727
29680 47400
39630 42316
22353 5180
0 0
6842 42554
26753 33610
5446 15726
41961 4372
34274 1782
0 15726
33866 34557
16221 15776
38430 82
5446 15726
6842 42554
41269 1782
4562 13851
16221 15776
24619 12875
24619 9233
34274 1782
7739 5429
40193 36127
5446 32232
34987 22361
4329 23997
16221 27221
24619 1782
25201 30954
14434 34437
14434 34437
40193 36127
5446 15726
7739 7816
19596 45000
34987 22361
34987 17075
16221 24694
21552 8882
24619 17075
4884 9851
46870 8455
33866 32998
34987 22361
27689 37214
6472 34669
25790 16147
0 34669
0 34669
24980 43706
26753 33610
34987 17075
16221 16147
40193 36127
40193 36127
33795 45247
4329 19359
37923 33434
16221 16147
0 0
0 15726
22176 10528
32698 17075
29680 37214
24619 9233
0 15726
28787 44766
0 15726
4028 1334
30452 17075
31928 41685
16221 15776
34987 22361
27689 36197
6472 34669
33866 34557
33795 45247
1639 13411
0 15726
34987 22361
16221 45000
24980 43706
4329 17138
16221 16147
34274 1782
34987 17075
29680 37214
24619 1782
34987 22361
33795 45247
6842 42554
34987 22361
31928 41685
3435 13259
34987 22361
34987 17075
6842 42554
0 15726
4562 13411
34274 1782
34987 22361
34987 17075
33795 45247
33795 45247
29680 40584
4329 23997
6464 8798
6842 42554
34987 22361
32698 17075
40193 36127
7739 7816
24619 1782
0 34669
24619 17075
0 15726
30160 33157
41961 4372
4028 1334
48662 45247
25247 771
34987 22361
25201 30954
0 34669
640 11730
29680 49610
4028 1334
26975 33117
16221 24694
40193 36127
34274 1782
35526 42316
16221 22892
24980 42310
18999 46849
19596 45000
34987 17075
46870 13497
37923 35108
34987 22361
6472 34669
40817 32998
0 15726
24619 427
6472 34669
4028 1334
24619 17075
29680 37214
29680 45247
28787 42459
34987 17075
5446 15726
29680 37214
21552 1043
24980 42310
13838 8798
16221 22892
24619 12875
16221 22892
44130 33775
37923 35108
5446 15726
22353 5180
22725 11869
16221 16147
41961 1782
29680 37214
0 0
6472 34669
35526 42316
18712 15544
29680 40419
16221 30070
4884 9851
29259 17075
5446 15726
6842 42554
19513 1257
34987 17075
34987 17075
46870 13497
16221 27221
0 34669
6472 34669
24063 45000
34987 22361
5446 15726
40193 36127
4562 13851
34987 22361
30014 41685
39630 42316
24619 10889
33866 32998
5446 15726
27308 24694
6472 34669
41961 4372
4329 19359
33795 45247
6472 34669
22176 10528
24871 40061
0 15726
16221 16147
34987 22361
0 13769
6472 34669
46870 13497
16114 41234
24619 12875
43714 13851
29259 21392
16221 30070
4028 8798
16221 27221
25790 16622
24619 10889
4329 23997
16221 27221
11173 32232
5446 15726
16221 27221
6842 42554
