9205
1 1 4
2 3 3
3 2 2
4 2 4
5 1 6
6 4 2
7 3 1
8 5 1
9 1 3
10 1 3
11 7 3
12 3 7
13 2 4
14 4 3
15 2 5
16 2 3
17 5 4
18 3 2
19 4 0
20 2 2
21 3 2
22 3 1
23 6 7
24 3 2
25 2 3
26 2 2
27 2 7
28 1 4
29 3 3
30 2 2
31 1 3
32 1 3
33 3 1
34 3 1
35 2 2
36 5 2
37 2 3
38 3 2
39 6 1
40 3 2
41 4 0
42 3 2
43 1 3
44 4 3
45 3 1
46 3 2
47 3 2
48 5 3
49 2 3
50 1 5
51 3 1
52 3 2
53 2 2
54 3 2
55 4 2
56 2 2
57 3 2
58 4 2
59 3 1
60 3 4
61 3 3
62 1 3
63 4 1
64 3 1
65 5 1
66 4 1
67 2 2
68 5 2
69 1 4
70 3 2
71 2 5
72 3 1
73 2 3
74 3 2
75 2 2
76 3 3
77 3 4
78 2 2
79 4 0
80 3 2
81 20 32
82 0 5
83 1 3
84 5 2
85 5 0
86 4 1
87 1 3
88 2 2
89 2 2
90 5 0
91 4 2
92 2 2
93 2 5
94 3 4
95 0 4
96 3 1
97 3 1
98 4 2
99 2 3
100 4 4
101 2 2
102 3 1
103 6 3
104 3 3
105 3 1
106 1 3
107 3 2
108 3 1
109 9 11
110 2 3
111 2 5
112 3 1
113 2 3
114 1 4
115 2 2
116 1 3
117 0 4
118 2 4
119 1 3
120 4 3
121 2 3
122 4 1
123 1 3
124 2 3
125 4 7
126 1 3
127 4 5
128 5 1
129 1 4
130 1 5
131 3 3
132 4 2
133 3 2
134 9 4
135 2 2
136 0 5
137 1 4
138 3 1
139 3 3
140 2 3
141 1 3
142 2 2
143 3 3
144 3 3
145 2 5
146 2 4
147 3 2
148 5 5
149 3 2
150 3 3
151 0 5
152 2 2
153 1 4
154 2 5
155 2 2
156 2 2
157 1 4
158 2 1
159 2 2
160 9 4
161 2 2
162 6 6
163 3 12
164 3 3
165 4 2
166 1 3
167 4 1
168 6 1
169 4 2
170 1 6
171 6 3
172 3 2
173 2 2
174 2 3
175 3 2
176 2 7
177 2 2
178 1 3
179 2 2
180 2 2
181 2 2
182 1 4
183 1 3
184 1 4
185 4 2
186 4 2
187 2 2
188 4 1
189 5 3
190 4 3
191 3 8
192 2 4
193 4 3
194 2 2
195 3 2
196 2 3
197 3 3
198 3 1
199 1 10
200 5 4
201 2 2
202 2 4
203 3 2
204 10 4
205 3 1
206 3 1
207 2 3
208 4 2
209 2 2
210 2 2
211 2 4
212 3 2
213 0 5
214 4 2
215 3 1
216 2 2
217 3 3
218 2 3
219 4 1
220 2 2
221 3 5
222 4 6
223 3 6
224 3 1
225 1 4
226 2 3
227 1 6
228 1 4
229 5 3
230 1 7
231 1 3
232 3 3
233 3 3
234 2 3
235 4 1
236 2 2
237 3 2
238 7 4
239 2 6
240 0 4
241 1 4
242 4 4
243 2 2
244 6 0
245 3 1
246 2 7
247 5 1
248 2 3
249 1 3
250 2 2
251 3 2
252 2 2
253 3 6
254 5 3
255 1 3
256 4 1
257 2 2
258 5 3
259 5 3
260 2 3
261 3 2
262 4 1
263 2 2
264 3 1
265 3 2
266 1 7
267 0 4
268 0 4
269 2 2
270 2 2
271 4 0
272 4 2
273 2 2
274 4 3
275 1 5
276 5 2
277 4 2
278 2 4
279 1 2
280 5 0
281 6 3
282 2 2
283 4 0
284 4 1
285 0 4
286 4 2
287 2 5
288 4 3
289 3 2
290 1 3
291 5 6
292 3 4
293 3 1
294 4 1
295 1 3
296 2 2
297 4 1
298 4 2
299 5 3
300 3 4
301 3 1
302 5 2
303 2 3
304 1 2
305 2 3
306 3 2
307 1 6
308 2 3
309 4 1
310 4 1
311 2 5
312 4 2
313 5 0
314 4 5
315 1 4
316 2 3
317 2 3
318 4 5
319 1 3
320 3 3
321 5 0
322 4 4
323 3 1
324 5 1
325 3 1
326 3 3
327 4 1
328 2 5
329 2 2
330 2 3
331 4 1
332 1 3
333 2 3
334 1 3
335 3 1
336 3 2
337 2 2
338 2 2
339 2 4
340 4 0
341 4 3
342 4 6
343 2 3
344 1 4
345 3 1
346 15 15
347 28 22
348 3 2
349 4 7
350 1 3
351 1 4
352 3 3
353 2 2
354 5 0
355 2 2
356 2 2
357 6 1
358 2 4
359 1 3
360 1 4
361 3 3
362 4 0
363 3 2
364 4 4
365 8 4
366 2 2
367 1 3
368 2 4
369 3 1
370 4 1
371 4 2
372 6 0
373 4 2
374 1 3
375 4 6
376 2 2
377 7 3
378 5 5
379 0 4
380 1 3
381 4 1
382 1 3
383 5 2
384 5 2
385 3 2
386 2 3
387 3 3
388 2 2
389 4 1
390 3 3
391 5 3
392 3 2
393 2 3
394 4 6
395 2 4
396 4 1
397 1 4
398 3 1
399 2 2
400 4 1
401 3 2
402 0 5
403 1 6
404 3 2
405 2 2
406 5 2
407 3 2
408 1 3
409 2 3
410 2 2
411 2 2
412 4 1
413 0 4
414 3 2
415 3 1
416 10 5
417 3 1
418 5 4
419 1 3
420 4 1
421 3 4
422 3 3
423 4 8
424 4 3
425 4 1
426 2 3
427 0 4
428 2 2
429 1 3
430 2 2
431 1 3
432 1 3
433 3 2
434 2 2
435 1 4
436 3 4
437 4 2
438 1 5
439 5 2
440 5 2
441 2 3
442 3 5
443 5 20
444 4 2
445 1 4
446 0 5
447 3 7
448 1 3
449 3 5
450 3 2
451 3 1
452 3 3
453 1 4
454 3 2
455 2 2
456 2 5
457 2 3
458 3 2
459 4 2
460 2 3
461 3 2
462 5 1
463 4 1
464 2 2
465 9 9
466 2 5
467 2 4
468 3 5
469 2 2
470 1 4
471 4 0
472 4 0
473 3 3
474 2 2
475 6 4
476 1 6
477 3 1
478 3 1
479 1 4
480 3 2
481 1 5
482 1 4
483 3 3
484 3 1
485 2 1
486 3 2
487 5 4
488 2 3
489 2 2
490 6 1
491 0 5
492 4 0
493 1 5
494 3 1
495 2 4
496 2 3
497 6 3
498 1 4
499 6 0
500 7 2
501 6 3
502 3 3
503 1 3
504 2 2
505 4 2
506 3 2
507 2 3
508 2 6
509 1 4
510 13 6
511 1 5
512 2 2
513 4 2
514 0 5
515 3 1
516 2 2
517 2 2
518 2 3
519 3 2
520 1 3
521 3 4
522 7 1
523 3 1
524 2 5
525 3 1
526 2 8
527 7 4
528 4 2
529 0 4
530 3 2
531 3 1
532 4 2
533 2 4
534 3 1
535 2 2
536 3 4
537 8 15
538 1 4
539 7 9
540 5 2
541 3 3
542 3 1
543 3 2
544 1 4
545 2 5
546 2 3
547 2 2
548 4 1
549 3 5
550 4 4
551 3 3
552 2 3
553 5 4
554 4 1
555 3 4
556 4 1
557 1 3
558 2 2
559 1 3
560 3 0
561 4 0
562 3 2
563 10 24
564 6 2
565 0 4
566 4 2
567 3 4
568 1 3
569 3 2
570 3 1
571 3 1
572 3 3
573 1 3
574 3 3
575 0 8
576 2 3
577 5 0
578 2 6
579 2 3
580 4 0
581 2 2
582 2 6
583 4 2
584 2 2
585 2 2
586 4 1
587 2 3
588 1 8
589 1 3
590 3 2
591 2 5
592 4 5
593 2 2
594 2 2
595 3 1
596 1 3
597 3 3
598 2 2
599 3 2
600 3 2
601 3 2
602 4 2
603 4 3
604 1 5
605 3 1
606 3 1
607 3 4
608 4 5
609 6 5
610 2 2
611 5 8
612 5 2
613 3 7
614 2 6
615 3 1
616 0 6
617 2 2
618 4 0
619 2 2
620 1 3
621 3 1
622 2 6
623 4 4
624 2 2
625 5 1
626 4 2
627 1 7
628 5 3
629 4 3
630 1 4
631 6 2
632 0 4
633 4 2
634 3 2
635 4 5
636 6 10
637 1 2
638 9 1
639 3 9
640 2 2
641 2 2
642 1 3
643 1 3
644 3 3
645 4 5
646 3 1
647 2 4
648 4 0
649 3 2
650 6 4
651 3 1
652 2 3
653 1 4
654 4 4
655 4 0
656 4 3
657 3 4
658 2 5
659 2 2
660 3 2
661 2 2
662 2 2
663 1 5
664 1 4
665 1 3
666 2 3
667 3 4
668 3 1
669 3 1
670 3 3
671 3 2
672 1 3
673 2 2
674 3 7
675 6 5
676 3 2
677 2 2
678 5 2
679 2 2
680 1 3
681 4 2
682 4 0
683 3 5
684 3 2
685 3 3
686 9 15
687 3 3
688 2 2
689 3 2
690 6 3
691 2 3
692 1 3
693 2 3
694 2 2
695 2 3
696 1 4
697 1 4
698 3 1
699 1 2
700 2 4
701 3 3
702 3 1
703 2 2
704 1 3
705 1 5
706 4 2
707 1 3
708 3 1
709 3 2
710 1 3
711 2 4
712 2 3
713 2 2
714 2 2
715 2 2
716 1 3
717 1 3
718 2 4
719 1 4
720 5 1
721 3 7
722 8 1
723 2 3
724 2 3
725 2 5
726 2 2
727 0 5
728 4 3
729 5 3
730 5 4
731 3 2
732 5 2
733 6 10
734 1 3
735 3 5
736 2 3
737 3 2
738 4 1
739 3 1
740 1 3
741 2 2
742 2 3
743 1 4
744 2 2
745 2 3
746 2 3
747 14 13
748 2 2
749 3 5
750 4 3
751 7 1
752 3 3
753 5 4
754 1 3
755 2 4
756 2 2
757 2 3
758 5 2
759 2 2
760 2 4
761 3 1
762 4 6
763 2 3
764 2 2
765 1 4
766 13 7
767 4 7
768 4 4
769 5 1
770 2 3
771 3 1
772 1 3
773 3 3
774 3 2
775 1 3
776 2 3
777 3 3
778 6 4
779 0 5
780 2 1
781 1 4
782 2 2
783 4 0
784 4 2
785 4 7
786 2 3
787 4 6
788 0 5
789 2 2
790 3 2
791 3 1
792 3 3
793 3 2
794 5 2
795 5 0
796 1 6
797 9 7
798 2 2
799 3 3
800 10 7
801 1 6
802 5 1
803 1 3
804 1 3
805 3 1
806 2 2
807 3 2
808 4 2
809 3 3
810 4 1
811 2 3
812 2 2
813 4 2
814 4 2
815 2 2
816 1 4
817 6 9
818 3 4
819 2 2
820 3 1
821 1 3
822 3 1
823 3 3
824 2 2
825 2 2
826 3 2
827 3 2
828 2 3
829 2 4
830 4 3
831 2 2
832 4 3
833 7 4
834 3 2
835 2 2
836 1 3
837 2 2
838 1 3
839 3 1
840 1 3
841 2 3
842 3 2
843 3 2
844 3 1
845 2 2
846 2 2
847 3 1
848 3 5
849 4 3
850 3 1
851 5 1
852 1 3
853 1 5
854 7 21
855 4 1
856 4 2
857 3 1
858 1 3
859 0 4
860 1 3
861 2 5
862 3 2
863 4 1
864 1 3
865 4 2
866 3 3
867 4 1
868 3 3
869 0 4
870 0 5
871 4 3
872 5 9
873 5 2
874 2 6
875 4 4
876 1 4
877 1 5
878 1 5
879 3 2
880 2 3
881 2 6
882 1 3
883 3 1
884 1 3
885 4 4
886 1 3
887 2 4
888 3 2
889 3 1
890 2 2
891 4 5
892 5 1
893 3 2
894 1 3
895 2 3
896 2 6
897 2 1
898 4 1
899 4 1
900 3 1
901 6 4
902 0 4
903 4 1
904 3 2
905 4 3
906 1 3
907 4 1
908 2 2
909 4 1
910 2 2
911 1 3
912 4 6
913 1 3
914 1 5
915 2 2
916 5 1
917 3 3
918 3 1
919 4 1
920 4 3
921 0 5
922 3 3
923 5 1
924 3 2
925 3 1
926 2 4
927 3 11
928 3 3
929 4 2
930 3 1
931 3 4
932 2 2
933 1 3
934 3 1
935 3 7
936 1 10
937 1 5
938 1 3
939 4 2
940 2 3
941 1 4
942 3 5
943 4 3
944 5 4
945 3 1
946 3 1
947 2 2
948 3 2
949 1 4
950 13 28
951 4 2
952 5 2
953 3 1
954 1 3
955 1 3
956 2 2
957 2 5
958 2 2
959 1 3
960 5 4
961 4 1
962 3 1
963 3 2
964 2 3
965 0 7
966 3 1
967 5 2
968 3 1
969 4 5
970 2 5
971 2 3
972 4 1
973 2 2
974 4 4
975 4 11
976 6 2
977 1 2
978 2 2
979 3 2
980 1 3
981 7 52
982 2 2
983 1 8
984 5 6
985 2 3
986 2 2
987 2 5
988 3 3
989 5 7
990 9 5
991 3 3
992 3 1
993 2 2
994 3 4
995 3 1
996 4 5
997 4 0
998 3 3
999 3 1
1000 5 2
1001 2 3
1002 1 3
1003 4 1
1004 1 4
1005 5 2
1006 1 3
1007 2 2
1008 3 2
1009 1 3
1010 3 3
1011 5 1
1012 2 2
1013 3 10
1014 2 2
1015 4 2
1016 4 1
1017 4 1
1018 3 2
1019 3 1
1020 6 3
1021 2 3
1022 3 2
1023 1 3
1024 3 2
1025 2 2
1026 3 3
1027 5 29
1028 3 0
1029 6 3
1030 1 4
1031 6 4
1032 5 3
1033 5 2
1034 2 3
1035 4 0
1036 2 2
1037 4 2
1038 1 5
1039 6 3
1040 4 2
1041 2 5
1042 2 4
1043 3 5
1044 4 3
1045 2 4
1046 2 2
1047 3 2
1048 4 3
1049 5 1
1050 2 3
1051 1 5
1052 3 1
1053 1 3
1054 7 4
1055 3 2
1056 3 2
1057 2 2
1058 3 1
1059 0 5
1060 3 2
1061 2 2
1062 3 3
1063 4 14
1064 7 3
1065 2 4
1066 4 2
1067 2 2
1068 1 3
1069 3 6
1070 2 2
1071 2 2
1072 1 3
1073 4 2
1074 1 3
1075 3 1
1076 3 1
1077 2 2
1078 1 4
1079 5 4
1080 3 2
1081 4 9
1082 3 8
1083 3 2
1084 1 3
1085 6 2
1086 4 0
1087 5 2
1088 8 5
1089 2 2
1090 1 3
1091 3 2
1092 4 5
1093 2 2
1094 3 2
1095 3 2
1096 5 1
1097 2 3
1098 6 6
1099 5 1
1100 3 2
1101 3 1
1102 3 1
1103 2 2
1104 2 2
1105 4 0
1106 3 2
1107 3 3
1108 2 3
1109 2 2
1110 4 2
1111 3 3
1112 3 3
1113 3 2
1114 3 2
1115 3 4
1116 7 2
1117 0 4
1118 2 3
1119 3 1
1120 4 5
1121 7 6
1122 9 5
1123 2 2
1124 2 2
1125 3 2
1126 1 3
1127 4 3
1128 3 1
1129 4 2
1130 3 1
1131 2 3
1132 1 3
1133 4 3
1134 2 4
1135 3 1
1136 3 4
1137 3 1
1138 2 3
1139 2 2
1140 3 1
1141 5 2
1142 1 3
1143 2 2
1144 3 1
1145 5 1
1146 2 2
1147 1 4
1148 5 2
1149 2 5
1150 2 3
1151 5 2
1152 3 1
1153 1 3
1154 5 1
1155 3 2
1156 1 2
1157 0 4
1158 3 2
1159 2 5
1160 3 2
1161 3 1
1162 5 3
1163 4 0
1164 3 1
1165 3 6
1166 3 2
1167 5 2
1168 7 12
1169 2 2
1170 3 1
1171 3 3
1172 3 3
1173 3 2
1174 5 1
1175 3 4
1176 2 2
1177 2 2
1178 5 4
1179 6 5
1180 2 6
1181 2 3
1182 8 8
1183 4 1
1184 1 4
1185 2 4
1186 2 2
1187 4 2
1188 2 3
1189 2 2
1190 4 2
1191 2 2
1192 3 1
1193 1 3
1194 4 1
1195 3 2
1196 2 3
1197 1 3
1198 4 19
1199 1 9
1200 2 3
1201 3 1
1202 3 2
1203 2 4
1204 1 3
1205 3 2
1206 4 0
1207 5 1
1208 2 2
1209 4 1
1210 5 0
1211 2 2
1212 1 3
1213 2 2
1214 1 5
1215 3 2
1216 3 1
1217 3 4
1218 6 1
1219 3 2
1220 3 1
1221 6 2
1222 2 4
1223 3 1
1224 2 3
1225 2 7
1226 2 4
1227 4 2
1228 4 1
1229 5 5
1230 5 1
1231 5 1
1232 1 3
1233 4 6
1234 3 1
1235 4 2
1236 1 3
1237 1 4
1238 2 5
1239 2 2
1240 4 1
1241 7 3
1242 2 3
1243 2 2
1244 3 1
1245 3 3
1246 3 5
1247 2 2
1248 4 1
1249 3 2
1250 4 5
1251 5 3
1252 2 2
1253 2 3
1254 4 4
1255 3 2
1256 3 1
1257 2 4
1258 1 6
1259 2 3
1260 3 1
1261 1 3
1262 2 6
1263 3 2
1264 5 5
1265 8 18
1266 2 3
1267 1 3
1268 3 1
1269 1 3
1270 1 3
1271 4 3
1272 5 1
1273 6 4
1274 3 1
1275 0 7
1276 2 2
1277 3 2
1278 6 2
1279 1 3
1280 1 2
1281 1 4
1282 1 3
1283 4 2
1284 2 3
1285 1 3
1286 3 1
1287 4 1
1288 4 0
1289 4 4
1290 1 4
1291 3 1
1292 2 4
1293 3 1
1294 3 1
1295 2 4
1296 3 4
1297 2 4
1298 2 2
1299 3 2
1300 5 1
1301 2 2
1302 4 2
1303 16 17
1304 2 3
1305 3 3
1306 6 3
1307 2 2
1308 2 3
1309 5 2
1310 1 5
1311 2 2
1312 1 3
1313 4 1
1314 3 1
1315 1 3
1316 2 3
1317 3 2
1318 5 12
1319 2 2
1320 4 2
1321 4 0
1322 2 3
1323 3 4
1324 5 2
1325 1 3
1326 1 4
1327 1 4
1328 1 4
1329 3 4
1330 3 1
1331 1 4
1332 0 4
1333 4 2
1334 2 2
1335 4 1
1336 3 9
1337 8 22
1338 2 2
1339 5 2
1340 3 2
1341 3 2
1342 3 2
1343 2 5
1344 1 3
1345 4 2
1346 2 3
1347 2 3
1348 1 3
1349 1 3
1350 3 2
1351 2 3
1352 2 3
1353 4 2
1354 3 3
1355 26 26
1356 4 8
1357 4 1
1358 3 4
1359 4 1
1360 1 3
1361 1 3
1362 1 4
1363 2 5
1364 1 5
1365 2 2
1366 1 3
1367 1 4
1368 2 2
1369 7 2
1370 3 3
1371 1 3
1372 3 1
1373 2 1
1374 3 2
1375 3 2
1376 2 4
1377 4 0
1378 3 1
1379 2 2
1380 4 13
1381 1 4
1382 0 4
1383 2 5
1384 0 4
1385 2 2
1386 2 3
1387 2 2
1388 1 3
1389 2 3
1390 2 11
1391 3 5
1392 2 3
1393 1 3
1394 3 1
1395 2 4
1396 6 2
1397 2 3
1398 0 4
1399 4 1
1400 3 4
1401 2 2
1402 3 10
1403 3 2
1404 6 7
1405 0 4
1406 1 4
1407 1 5
1408 3 2
1409 2 6
1410 2 2
1411 4 0
1412 5 3
1413 9 5
1414 4 1
1415 1 5
1416 1 3
1417 1 9
1418 4 2
1419 3 10
1420 1 4
1421 3 5
1422 3 2
1423 9 18
1424 2 4
1425 1 17
1426 2 2
1427 1 3
1428 2 3
1429 4 1
1430 4 0
1431 2 1
1432 1 4
1433 2 2
1434 3 2
1435 4 3
1436 1 3
1437 5 5
1438 2 2
1439 3 1
1440 4 0
1441 4 0
1442 2 2
1443 3 1
1444 1 6
1445 2 2
1446 3 2
1447 3 3
1448 4 1
1449 6 2
1450 3 1
1451 3 3
1452 5 15
1453 8 1
1454 5 0
1455 3 1
1456 2 2
1457 1 4
1458 2 1
1459 1 4
1460 2 2
1461 3 3
1462 3 3
1463 3 1
1464 2 2
1465 3 2
1466 2 2
1467 1 4
1468 4 1
1469 1 4
1470 1 5
1471 6 2
1472 1 3
1473 1 3
1474 3 3
1475 0 5
1476 3 2
1477 2 2
1478 2 5
1479 3 1
1480 1 3
1481 2 2
1482 1 3
1483 4 4
1484 1 3
1485 3 3
1486 1 5
1487 3 1
1488 1 6
1489 4 1
1490 4 7
1491 1 3
1492 4 1
1493 4 5
1494 2 3
1495 1 7
1496 1 4
1497 4 4
1498 3 2
1499 1 3
1500 2 2
1501 4 1
1502 4 2
1503 3 4
1504 0 4
1505 4 6
1506 4 3
1507 2 4
1508 3 1
1509 4 3
1510 3 2
1511 3 1
1512 2 4
1513 1 3
1514 3 8
1515 1 4
1516 4 4
1517 2 2
1518 5 0
1519 2 3
1520 3 3
1521 3 15
1522 2 3
1523 4 1
1524 1 9
1525 3 7
1526 3 5
1527 2 3
1528 5 0
1529 2 2
1530 0 4
1531 4 2
1532 4 2
1533 3 2
1534 3 1
1535 3 4
1536 2 4
1537 2 1
1538 1 6
1539 2 2
1540 3 1
1541 2 3
1542 1 3
1543 2 2
1544 5 4
1545 4 2
1546 5 7
1547 5 7
1548 2 4
1549 4 1
1550 3 2
1551 3 1
1552 5 2
1553 4 0
1554 6 4
1555 2 5
1556 5 3
1557 3 0
1558 7 7
1559 1 3
1560 2 2
1561 2 2
1562 5 2
1563 2 4
1564 4 0
1565 2 2
1566 1 3
1567 4 1
1568 4 3
1569 2 5
1570 3 2
1571 3 3
1572 1 6
1573 3 4
1574 1 3
1575 2 2
1576 5 3
1577 3 3
1578 3 3
1579 2 3
1580 4 0
1581 3 1
1582 2 2
1583 5 2
1584 4 2
1585 3 1
1586 2 3
1587 2 2
1588 5 3
1589 1 3
1590 1 3
1591 1 10
1592 6 7
1593 4 0
1594 1 4
1595 4 3
1596 3 4
1597 3 1
1598 4 2
1599 5 3
1600 1 6
1601 3 4
1602 3 1
1603 3 6
1604 3 0
1605 3 3
1606 3 2
1607 6 0
1608 2 5
1609 0 5
1610 1 3
1611 4 0
1612 2 4
1613 6 5
1614 2 3
1615 1 3
1616 8 8
1617 2 2
1618 19 16
1619 5 3
1620 3 1
1621 3 1
1622 3 5
1623 2 3
1624 4 4
1625 3 2
1626 3 3
1627 2 3
1628 1 6
1629 3 1
1630 3 3
1631 4 2
1632 1 3
1633 5 0
1634 7 1
1635 3 2
1636 1 6
1637 3 2
1638 1 4
1639 2 2
1640 4 1
1641 1 3
1642 2 3
1643 2 3
1644 0 4
1645 5 2
1646 2 2
1647 3 1
1648 0 4
1649 3 2
1650 1 5
1651 2 2
1652 4 1
1653 2 5
1654 2 3
1655 3 2
1656 2 2
1657 1 4
1658 5 1
1659 5 0
1660 2 3
1661 3 4
1662 5 0
1663 2 2
1664 3 3
1665 3 1
1666 2 2
1667 2 3
1668 5 3
1669 3 1
1670 5 1
1671 4 1
1672 2 5
1673 10 5
1674 2 3
1675 3 3
1676 2 5
1677 1 3
1678 2 2
1679 4 0
1680 2 3
1681 4 2
1682 4 2
1683 3 1
1684 4 3
1685 4 3
1686 5 2
1687 4 5
1688 3 1
1689 3 2
1690 2 4
1691 2 4
1692 1 8
1693 1 3
1694 4 2
1695 2 2
1696 2 3
1697 3 4
1698 1 3
1699 6 2
1700 24 12
1701 1 6
1702 2 2
1703 1 3
1704 5 6
1705 6 1
1706 2 3
1707 3 2
1708 2 2
1709 2 3
1710 1 5
1711 1 3
1712 0 4
1713 2 2
1714 0 5
1715 2 2
1716 2 2
1717 2 3
1718 2 3
1719 10 7
1720 3 1
1721 4 3
1722 2 2
1723 1 8
1724 6 5
1725 4 0
1726 3 4
1727 6 3
1728 3 2
1729 3 1
1730 2 2
1731 6 3
1732 4 0
1733 3 2
1734 5 1
1735 2 2
1736 0 5
1737 5 1
1738 3 2
1739 5 1
1740 2 2
1741 2 4
1742 2 2
1743 2 1
1744 4 2
1745 3 2
1746 5 3
1747 2 5
1748 4 2
1749 2 4
1750 2 3
1751 3 6
1752 4 1
1753 1 3
1754 10 14
1755 3 1
1756 3 2
1757 3 3
1758 2 2
1759 2 4
1760 1 4
1761 2 2
1762 2 3
1763 3 4
1764 3 2
1765 2 2
1766 1 3
1767 1 3
1768 4 2
1769 2 2
1770 3 2
1771 5 1
1772 2 2
1773 1 3
1774 2 4
1775 1 3
1776 6 1
1777 0 5
1778 5 2
1779 2 2
1780 3 2
1781 1 3
1782 1 3
1783 2 1
1784 2 4
1785 5 3
1786 2 4
1787 1 3
1788 5 6
1789 6 6
1790 5 1
1791 3 1
1792 2 2
1793 4 0
1794 4 2
1795 4 3
1796 3 2
1797 3 3
1798 3 2
1799 2 2
1800 2 2
1801 5 4
1802 4 3
1803 1 4
1804 5 2
1805 3 2
1806 6 1
1807 6 2
1808 1 3
1809 3 2
1810 5 1
1811 4 1
1812 3 1
1813 4 4
1814 3 2
1815 1 4
1816 2 4
1817 2 3
1818 1 5
1819 3 2
1820 3 1
1821 1 3
1822 3 1
1823 2 2
1824 4 2
1825 2 2
1826 2 4
1827 1 4
1828 10 7
1829 4 1
1830 4 0
1831 4 0
1832 3 1
1833 3 2
1834 3 4
1835 0 4
1836 5 1
1837 5 10
1838 5 1
1839 4 1
1840 4 2
1841 5 3
1842 1 3
1843 1 3
1844 3 3
1845 4 0
1846 14 16
1847 3 2
1848 4 2
1849 2 4
1850 7 11
1851 4 5
1852 1 4
1853 1 3
1854 0 3
1855 4 3
1856 2 3
1857 3 1
1858 2 5
1859 1 8
1860 1 4
1861 13 5
1862 3 1
1863 2 5
1864 4 0
1865 6 1
1866 3 2
1867 5 2
1868 3 1
1869 3 3
1870 3 1
1871 2 4
1872 3 2
1873 1 7
1874 1 3
1875 4 2
1876 4 4
1877 1 3
1878 3 5
1879 6 0
1880 2 3
1881 2 3
1882 2 2
1883 2 2
1884 5 2
1885 2 2
1886 4 1
1887 7 1
1888 3 1
1889 6 2
1890 6 2
1891 1 3
1892 3 4
1893 1 3
1894 2 3
1895 2 2
1896 3 1
1897 0 4
1898 3 2
1899 4 3
1900 1 5
1901 3 2
1902 11 4
1903 2 2
1904 1 4
1905 3 1
1906 4 1
1907 2 3
1908 2 2
1909 1 3
1910 4 0
1911 4 6
1912 2 2
1913 3 5
1914 5 2
1915 4 0
1916 3 2
1917 3 2
1918 2 3
1919 3 2
1920 3 2
1921 5 1
1922 4 5
1923 4 2
1924 2 3
1925 4 2
1926 5 0
1927 4 5
1928 2 4
1929 3 3
1930 5 3
1931 4 1
1932 3 3
1933 2 2
1934 1 3
1935 1 3
1936 0 4
1937 3 3
1938 1 3
1939 4 10
1940 3 3
1941 3 1
1942 2 3
1943 1 4
1944 1 3
1945 2 4
1946 0 4
1947 2 2
1948 4 6
1949 0 3
1950 1 6
1951 3 3
1952 4 3
1953 1 5
1954 1 3
1955 1 3
1956 2 3
1957 5 4
1958 1 4
1959 4 3
1960 7 10
1961 2 2
1962 2 2
1963 1 11
1964 3 9
1965 2 3
1966 2 4
1967 2 2
1968 2 4
1969 1 5
1970 3 3
1971 1 3
1972 2 2
1973 4 0
1974 1 3
1975 2 4
1976 4 18
1977 3 4
1978 5 3
1979 4 5
1980 2 3
1981 18 22
1982 2 2
1983 0 4
1984 1 3
1985 1 3
1986 3 4
1987 1 10
1988 3 2
1989 2 3
1990 6 8
1991 2 3
1992 1 3
1993 3 3
1994 2 2
1995 3 1
1996 1 3
1997 3 3
1998 6 6
1999 1 4
2000 3 1
2001 2 2
2002 0 4
2003 3 4
2004 2 4
2005 1 3
2006 3 5
2007 3 3
2008 5 5
2009 3 1
2010 2 4
2011 2 3
2012 1 3
2013 5 7
2014 1 3
2015 0 4
2016 3 2
2017 2 10
2018 2 2
2019 2 2
2020 2 2
2021 4 2
2022 1 5
2023 1 3
2024 5 1
2025 2 4
2026 4 2
2027 2 3
2028 6 5
2029 1 3
2030 2 3
2031 5 1
2032 1 3
2033 4 0
2034 0 4
2035 3 2
2036 1 3
2037 3 1
2038 3 1
2039 3 3
2040 5 1
2041 1 3
2042 1 4
2043 1 3
2044 2 3
2045 2 2
2046 10 2
2047 2 6
2048 3 4
2049 1 4
2050 1 4
2051 5 0
2052 5 2
2053 3 3
2054 2 2
2055 2 3
2056 1 4
2057 1 3
2058 2 4
2059 2 4
2060 18 12
2061 3 2
2062 3 2
2063 2 2
2064 5 3
2065 2 3
2066 4 3
2067 5 2
2068 4 2
2069 4 1
2070 3 1
2071 2 3
2072 2 2
2073 2 4
2074 1 3
2075 3 2
2076 4 5
2077 0 5
2078 2 2
2079 3 3
2080 2 2
2081 5 0
2082 0 5
2083 4 2
2084 3 4
2085 3 2
2086 2 2
2087 3 3
2088 3 2
2089 2 11
2090 2 2
2091 4 1
2092 1 4
2093 3 2
2094 4 2
2095 3 3
2096 3 1
2097 2 4
2098 1 3
2099 3 3
2100 6 1
2101 0 4
2102 1 3
2103 18 9
2104 3 3
2105 6 3
2106 2 3
2107 3 3
2108 3 5
2109 1 3
2110 2 2
2111 3 3
2112 1 4
2113 1 7
2114 1 4
2115 1 3
2116 2 21
2117 1 2
2118 4 1
2119 1 4
2120 2 3
2121 1 4
2122 2 2
2123 4 2
2124 2 2
2125 0 4
2126 1 5
2127 3 3
2128 3 1
2129 5 3
2130 3 1
2131 3 2
2132 0 4
2133 4 2
2134 5 3
2135 1 3
2136 3 11
2137 0 5
2138 1 3
2139 1 4
2140 4 3
2141 3 2
2142 5 2
2143 5 0
2144 3 2
2145 2 9
2146 0 4
2147 2 2
2148 3 3
2149 1 3
2150 3 3
2151 10 6
2152 2 3
2153 0 5
2154 6 2
2155 0 4
2156 2 4
2157 2 4
2158 2 2
2159 2 3
2160 4 1
2161 5 2
2162 0 4
2163 5 1
2164 3 3
2165 6 2
2166 6 4
2167 2 2
2168 6 1
2169 4 3
2170 7 2
2171 2 2
2172 2 3
2173 5 3
2174 3 3
2175 5 4
2176 3 3
2177 4 0
2178 3 3
2179 6 3
2180 3 3
2181 2 2
2182 4 0
2183 2 3
2184 2 2
2185 9 2
2186 8 7
2187 2 5
2188 5 0
2189 5 1
2190 1 3
2191 1 3
2192 4 1
2193 4 3
2194 2 4
2195 6 2
2196 3 2
2197 3 1
2198 3 2
2199 2 3
2200 3 1
2201 2 4
2202 1 3
2203 5 1
2204 3 1
2205 4 5
2206 0 4
2207 4 1
2208 4 1
2209 7 0
2210 9 5
2211 2 4
2212 3 2
2213 3 4
2214 2 5
2215 2 2
2216 1 5
2217 3 2
2218 1 4
2219 5 3
2220 1 3
2221 6 1
2222 4 1
2223 3 3
2224 1 3
2225 3 3
2226 2 2
2227 4 6
2228 2 2
2229 1 3
2230 4 1
2231 5 4
2232 4 0
2233 3 4
2234 2 6
2235 3 2
2236 4 0
2237 4 3
2238 2 4
2239 3 2
2240 8 5
2241 1 3
2242 2 3
2243 4 4
2244 2 2
2245 2 3
2246 3 5
2247 3 2
2248 3 2
2249 3 1
2250 4 1
2251 2 3
2252 3 5
2253 3 1
2254 3 2
2255 2 2
2256 3 5
2257 3 1
2258 4 4
2259 4 0
2260 5 1
2261 3 2
2262 2 2
2263 0 5
2264 2 2
2265 5 2
2266 3 2
2267 2 2
2268 1 4
2269 4 1
2270 3 2
2271 3 2
2272 2 2
2273 2 2
2274 7 2
2275 2 6
2276 2 4
2277 8 9
2278 4 3
2279 2 2
2280 2 3
2281 3 3
2282 5 2
2283 2 2
2284 2 2
2285 3 3
2286 6 3
2287 4 5
2288 0 4
2289 5 3
2290 5 5
2291 2 6
2292 8 14
2293 1 3
2294 1 4
2295 2 2
2296 3 1
2297 3 5
2298 1 4
2299 3 2
2300 2 3
2301 1 3
2302 3 2
2303 2 2
2304 9 4
2305 4 1
2306 3 1
2307 4 2
2308 2 4
2309 3 11
2310 1 3
2311 1 3
2312 2 3
2313 9 7
2314 3 1
2315 2 4
2316 2 4
2317 2 4
2318 3 3
2319 2 5
2320 3 1
2321 3 2
2322 2 4
2323 4 2
2324 3 3
2325 2 6
2326 2 2
2327 3 8
2328 2 2
2329 3 1
2330 1 3
2331 1 3
2332 3 3
2333 3 4
2334 1 4
2335 8 1
2336 1 3
2337 2 3
2338 3 2
2339 5 4
2340 1 6
2341 1 4
2342 4 4
2343 5 2
2344 14 18
2345 3 2
2346 9 1
2347 1 4
2348 3 3
2349 2 5
2350 2 2
2351 3 1
2352 1 4
2353 2 6
2354 4 2
2355 7 9
2356 1 3
2357 2 2
2358 2 1
2359 2 2
2360 2 4
2361 4 2
2362 1 4
2363 1 6
2364 4 4
2365 0 5
2366 3 1
2367 3 2
2368 4 3
2369 1 5
2370 3 1
2371 5 0
2372 1 3
2373 5 1
2374 3 2
2375 1 5
2376 2 4
2377 1 5
2378 3 3
2379 4 1
2380 5 2
2381 1 6
2382 4 4
2383 1 3
2384 3 2
2385 3 2
2386 3 2
2387 3 2
2388 2 4
2389 5 1
2390 3 1
2391 1 3
2392 3 1
2393 2 6
2394 2 3
2395 2 3
2396 0 4
2397 4 0
2398 4 2
2399 5 4
2400 5 1
2401 4 1
2402 2 6
2403 4 2
2404 0 5
2405 2 6
2406 2 7
2407 5 1
2408 2 4
2409 1 3
2410 6 9
2411 8 6
2412 1 3
2413 0 4
2414 3 2
2415 2 8
2416 8 6
2417 1 5
2418 2 3
2419 3 3
2420 5 5
2421 2 2
2422 2 4
2423 4 1
2424 6 4
2425 1 3
2426 1 4
2427 1 4
2428 3 2
2429 3 3
2430 4 2
2431 1 3
2432 3 1
2433 3 5
2434 4 4
2435 2 2
2436 0 8
2437 4 2
2438 4 3
2439 3 3
2440 1 7
2441 1 3
2442 2 2
2443 6 3
2444 2 2
2445 3 1
2446 1 3
2447 1 3
2448 5 3
2449 5 4
2450 2 3
2451 2 2
2452 5 0
2453 2 3
2454 1 3
2455 1 5
2456 6 1
2457 21 20
2458 3 1
2459 2 2
2460 5 3
2461 3 2
2462 1 7
2463 2 2
2464 2 2
2465 3 2
2466 5 0
2467 2 2
2468 4 1
2469 2 7
2470 3 2
2471 4 1
2472 3 3
2473 3 2
2474 3 1
2475 4 4
2476 2 2
2477 7 13
2478 0 4
2479 0 3
2480 4 1
2481 1 4
2482 3 2
2483 1 4
2484 3 2
2485 1 3
2486 4 2
2487 4 0
2488 4 1
2489 4 2
2490 2 5
2491 3 2
2492 10 6
2493 2 4
2494 1 4
2495 4 10
2496 1 4
2497 3 2
2498 2 4
2499 2 2
2500 1 3
2501 1 5
2502 5 0
2503 2 5
2504 3 3
2505 2 3
2506 0 5
2507 4 2
2508 3 1
2509 3 1
2510 3 4
2511 3 3
2512 1 3
2513 2 3
2514 0 4
2515 3 3
2516 4 3
2517 7 7
2518 4 3
2519 2 2
2520 3 2
2521 4 4
2522 5 0
2523 3 2
2524 1 4
2525 4 1
2526 2 2
2527 4 0
2528 2 2
2529 3 3
2530 3 4
2531 2 4
2532 5 3
2533 4 2
2534 10 2
2535 4 2
2536 2 2
2537 3 1
2538 1 9
2539 2 6
2540 3 1
2541 4 1
2542 3 1
2543 3 1
2544 9 4
2545 3 3
2546 3 3
2547 3 2
2548 3 2
2549 6 5
2550 4 1
2551 2 2
2552 6 2
2553 0 7
2554 3 2
2555 2 3
2556 3 3
2557 2 3
2558 3 1
2559 2 3
2560 2 2
2561 3 5
2562 5 3
2563 3 2
2564 3 4
2565 3 2
2566 5 1
2567 3 2
2568 1 3
2569 2 3
2570 0 4
2571 5 4
2572 2 5
2573 3 1
2574 2 4
2575 2 3
2576 3 3
2577 0 5
2578 1 5
2579 4 0
2580 1 7
2581 3 1
2582 1 4
2583 4 2
2584 1 3
2585 3 3
2586 2 3
2587 2 2
2588 1 3
2589 6 3
2590 4 1
2591 1 3
2592 1 6
2593 1 7
2594 2 3
2595 2 4
2596 3 5
2597 2 2
2598 4 2
2599 3 2
2600 2 3
2601 4 0
2602 2 3
2603 1 3
2604 3 3
2605 2 3
2606 4 0
2607 4 4
2608 4 4
2609 3 2
2610 2 2
2611 2 5
2612 2 3
2613 6 1
2614 1 4
2615 4 3
2616 1 4
2617 1 3
2618 2 2
2619 2 3
2620 2 6
2621 3 2
2622 1 10
2623 2 2
2624 3 1
2625 3 4
2626 2 2
2627 2 4
2628 4 1
2629 1 3
2630 6 12
2631 3 3
2632 3 2
2633 1 4
2634 3 1
2635 3 2
2636 3 1
2637 2 5
2638 3 1
2639 2 2
2640 3 4
2641 1 4
2642 2 2
2643 7 0
2644 4 2
2645 4 1
2646 4 5
2647 6 8
2648 3 2
2649 2 3
2650 3 2
2651 2 2
2652 3 2
2653 2 2
2654 0 5
2655 5 3
2656 3 3
2657 6 5
2658 3 2
2659 8 5
2660 5 1
2661 0 6
2662 6 1
2663 1 4
2664 6 3
2665 4 3
2666 2 2
2667 4 3
2668 2 2
2669 5 13
2670 0 4
2671 2 4
2672 1 3
2673 3 4
2674 2 2
2675 0 5
2676 2 3
2677 2 2
2678 3 1
2679 4 1
2680 4 3
2681 2 3
2682 1 4
2683 2 3
2684 2 5
2685 1 3
2686 4 3
2687 2 2
2688 0 5
2689 1 5
2690 3 1
2691 4 6
2692 2 9
2693 3 3
2694 4 1
2695 4 2
2696 4 2
2697 2 3
2698 1 6
2699 3 2
2700 2 4
2701 4 2
2702 4 0
2703 2 2
2704 1 4
2705 1 16
2706 3 2
2707 1 4
2708 1 4
2709 4 2
2710 1 5
2711 2 2
2712 2 3
2713 0 9
2714 0 7
2715 3 3
2716 5 0
2717 4 4
2718 4 2
2719 6 5
2720 5 2
2721 2 3
2722 1 3
2723 4 2
2724 2 6
2725 5 3
2726 4 11
2727 5 1
2728 4 1
2729 3 1
2730 2 4
2731 2 2
2732 3 2
2733 2 2
2734 2 3
2735 2 4
2736 0 5
2737 2 2
2738 5 2
2739 3 1
2740 2 4
2741 3 1
2742 4 34
2743 3 2
2744 2 5
2745 3 7
2746 2 2
2747 2 2
2748 4 5
2749 3 1
2750 1 4
2751 1 4
2752 4 3
2753 3 2
2754 2 3
2755 3 3
2756 3 3
2757 5 1
2758 2 3
2759 1 4
2760 2 2
2761 1 4
2762 2 4
2763 3 6
2764 1 3
2765 2 1
2766 4 2
2767 3 2
2768 3 2
2769 2 3
2770 4 2
2771 2 2
2772 2 3
2773 3 2
2774 4 3
2775 2 3
2776 5 5
2777 6 1
2778 5 14
2779 4 7
2780 3 7
2781 2 3
2782 2 2
2783 4 5
2784 3 2
2785 1 4
2786 2 4
2787 1 3
2788 2 4
2789 2 7
2790 6 6
2791 2 2
2792 4 0
2793 3 1
2794 2 2
2795 3 1
2796 3 2
2797 4 2
2798 2 2
2799 5 2
2800 3 2
2801 3 7
2802 2 4
2803 1 4
2804 3 2
2805 1 4
2806 1 4
2807 3 6
2808 1 3
2809 4 6
2810 5 3
2811 1 4
2812 9 9
2813 3 1
2814 4 3
2815 4 3
2816 8 8
2817 4 3
2818 2 2
2819 0 4
2820 1 3
2821 3 5
2822 4 0
2823 3 2
2824 0 4
2825 2 2
2826 5 1
2827 16 17
2828 4 4
2829 1 3
2830 1 3
2831 2 3
2832 4 3
2833 3 1
2834 3 1
2835 3 2
2836 5 2
2837 2 2
2838 3 1
2839 3 5
2840 3 1
2841 2 2
2842 1 3
2843 1 4
2844 1 6
2845 4 2
2846 2 5
2847 2 2
2848 2 4
2849 3 3
2850 6 2
2851 4 0
2852 2 2
2853 3 3
2854 4 4
2855 4 0
2856 2 5
2857 1 3
2858 2 3
2859 4 6
2860 3 2
2861 1 6
2862 3 2
2863 3 1
2864 1 3
2865 3 4
2866 2 2
2867 2 2
2868 3 1
2869 3 6
2870 4 1
2871 3 2
2872 4 2
2873 6 2
2874 3 1
2875 1 3
2876 6 3
2877 2 10
2878 3 1
2879 3 2
2880 5 3
2881 4 4
2882 3 3
2883 2 2
2884 2 3
2885 5 2
2886 0 4
2887 2 6
2888 1 3
2889 3 1
2890 6 0
2891 2 2
2892 7 3
2893 2 2
2894 3 1
2895 10 5
2896 6 3
2897 3 1
2898 4 1
2899 7 2
2900 4 5
2901 1 3
2902 4 1
2903 1 3
2904 0 4
2905 2 4
2906 3 1
2907 2 5
2908 4 6
2909 5 8
2910 2 2
2911 4 0
2912 1 3
2913 4 1
2914 1 3
2915 3 3
2916 5 4
2917 3 2
2918 2 2
2919 3 1
2920 3 3
2921 3 2
2922 5 3
2923 3 3
2924 1 3
2925 3 1
2926 4 4
2927 2 2
2928 2 3
2929 3 1
2930 2 2
2931 2 2
2932 3 2
2933 6 3
2934 2 4
2935 2 2
2936 4 4
2937 3 1
2938 4 0
2939 2 2
2940 4 3
2941 2 2
2942 3 1
2943 1 2
2944 2 2
2945 2 2
2946 1 5
2947 3 2
2948 4 2
2949 2 2
2950 3 2
2951 1 3
2952 2 2
2953 4 1
2954 1 5
2955 2 3
2956 3 1
2957 7 6
2958 4 3
2959 2 3
2960 9 1
2961 2 2
2962 1 3
2963 0 5
2964 4 2
2965 3 3
2966 7 3
2967 3 2
2968 1 4
2969 3 1
2970 4 3
2971 2 2
2972 5 2
2973 3 3
2974 2 2
2975 1 3
2976 2 3
2977 3 1
2978 2 3
2979 3 4
2980 1 3
2981 2 2
2982 2 3
2983 3 1
2984 2 2
2985 1 3
2986 2 2
2987 0 3
2988 1 3
2989 4 0
2990 9 5
2991 3 2
2992 1 3
2993 1 3
2994 4 5
2995 2 2
2996 3 3
2997 1 3
2998 2 4
2999 3 2
3000 1 4
3001 2 3
3002 3 2
3003 2 2
3004 3 2
3005 2 8
3006 1 3
3007 4 3
3008 2 3
3009 3 6
3010 4 5
3011 3 3
3012 1 6
3013 2 2
3014 2 2
3015 4 1
3016 5 8
3017 3 2
3018 4 1
3019 3 4
3020 3 1
3021 4 6
3022 3 5
3023 6 10
3024 2 3
3025 1 10
3026 3 2
3027 5 1
3028 2 2
3029 4 0
3030 1 4
3031 2 3
3032 2 4
3033 3 2
3034 3 3
3035 1 3
3036 1 4
3037 1 5
3038 1 2
3039 2 2
3040 5 4
3041 3 3
3042 5 1
3043 2 5
3044 3 2
3045 2 2
3046 2 4
3047 4 2
3048 2 3
3049 4 1
3050 1 3
3051 8 3
3052 2 2
3053 3 9
3054 3 2
3055 3 2
3056 1 5
3057 2 3
3058 4 1
3059 2 2
3060 2 6
3061 3 1
3062 4 3
3063 4 5
3064 1 3
3065 1 3
3066 3 1
3067 1 7
3068 2 4
3069 3 3
3070 1 3
3071 4 2
3072 4 0
3073 3 4
3074 3 1
3075 3 2
3076 2 2
3077 2 2
3078 1 5
3079 1 5
3080 3 1
3081 4 0
3082 2 2
3083 5 2
3084 2 1
3085 3 1
3086 4 3
3087 3 1
3088 1 4
3089 6 2
3090 6 2
3091 2 2
3092 2 4
3093 3 1
3094 3 1
3095 18 7
3096 4 2
3097 3 4
3098 0 4
3099 5 1
3100 2 2
3101 4 0
3102 5 0
3103 2 3
3104 17 20
3105 3 5
3106 5 1
3107 3 2
3108 0 4
3109 2 3
3110 4 3
3111 2 3
3112 3 2
3113 2 3
3114 3 1
3115 2 5
3116 2 3
3117 4 3
3118 4 0
3119 2 2
3120 2 2
3121 4 2
3122 4 2
3123 3 3
3124 4 1
3125 5 6
3126 1 3
3127 3 2
3128 2 2
3129 2 3
3130 1 4
3131 3 7
3132 2 3
3133 1 7
3134 3 2
3135 0 6
3136 1 3
3137 6 6
3138 2 4
3139 2 2
3140 5 3
3141 2 3
3142 6 1
3143 4 6
3144 2 4
3145 0 4
3146 3 2
3147 4 5
3148 0 4
3149 2 3
3150 2 3
3151 1 6
3152 3 2
3153 2 4
3154 3 1
3155 1 5
3156 5 4
3157 1 5
3158 3 5
3159 10 6
3160 2 13
3161 3 3
3162 3 1
3163 3 1
3164 3 5
3165 2 2
3166 3 2
3167 3 2
3168 3 1
3169 2 2
3170 3 1
3171 3 1
3172 3 15
3173 1 4
3174 1 3
3175 2 2
3176 4 2
3177 3 2
3178 4 2
3179 3 3
3180 10 26
3181 2 3
3182 0 5
3183 3 3
3184 2 2
3185 1 5
3186 0 4
3187 2 3
3188 5 11
3189 2 2
3190 2 2
3191 2 2
3192 3 2
3193 2 3
3194 4 5
3195 3 4
3196 2 3
3197 1 3
3198 3 2
3199 6 3
3200 1 3
3201 2 2
3202 1 6
3203 5 0
3204 2 3
3205 2 4
3206 3 1
3207 3 2
3208 6 4
3209 4 2
3210 2 2
3211 4 0
3212 4 0
3213 2 1
3214 2 4
3215 4 3
3216 2 3
3217 4 0
3218 2 3
3219 4 4
3220 1 6
3221 6 4
3222 3 2
3223 4 6
3224 1 3
3225 4 0
3226 4 0
3227 3 4
3228 1 4
3229 1 3
3230 2 2
3231 3 1
3232 3 3
3233 1 3
3234 4 1
3235 4 2
3236 0 14
3237 1 4
3238 6 3
3239 3 3
3240 6 4
3241 2 2
3242 4 1
3243 2 3
3244 4 3
3245 5 2
3246 6 2
3247 2 3
3248 2 3
3249 0 4
3250 2 2
3251 0 5
3252 10 10
3253 2 2
3254 1 3
3255 4 2
3256 11 3
3257 0 7
3258 3 5
3259 2 3
3260 4 3
3261 2 3
3262 4 0
3263 2 2
3264 4 0
3265 2 6
3266 2 5
3267 2 3
3268 1 3
3269 6 4
3270 2 9
3271 1 4
3272 3 2
3273 3 3
3274 1 4
3275 1 4
3276 2 2
3277 2 4
3278 6 3
3279 1 4
3280 5 2
3281 3 2
3282 1 3
3283 2 5
3284 2 3
3285 1 4
3286 2 3
3287 2 3
3288 1 3
3289 1 4
3290 5 5
3291 5 0
3292 1 3
3293 3 2
3294 0 4
3295 1 3
3296 4 0
3297 6 1
3298 5 0
3299 3 4
3300 2 4
3301 3 9
3302 4 1
3303 3 1
3304 3 1
3305 3 2
3306 2 5
3307 4 3
3308 1 3
3309 4 0
3310 2 3
3311 3 1
3312 0 4
3313 2 2
3314 3 3
3315 3 2
3316 6 4
3317 4 6
3318 3 4
3319 3 1
3320 2 7
3321 3 2
3322 4 1
3323 2 3
3324 4 0
3325 3 1
3326 4 3
3327 3 2
3328 7 3
3329 3 2
3330 1 5
3331 1 4
3332 4 4
3333 3 2
3334 3 2
3335 8 3
3336 1 3
3337 4 1
3338 6 10
3339 3 3
3340 2 4
3341 1 3
3342 3 4
3343 6 0
3344 3 1
3345 2 2
3346 10 6
3347 2 4
3348 3 2
3349 4 3
3350 3 0
3351 6 1
3352 2 2
3353 2 3
3354 3 3
3355 3 3
3356 3 3
3357 0 4
3358 1 3
3359 4 1
3360 3 1
3361 3 4
3362 1 3
3363 3 2
3364 2 3
3365 4 4
3366 4 3
3367 3 2
3368 3 2
3369 2 4
3370 3 1
3371 4 2
3372 3 3
3373 2 2
3374 1 7
3375 7 3
3376 2 3
3377 3 4
3378 2 2
3379 3 5
3380 5 2
3381 5 3
3382 0 4
3383 3 6
3384 1 5
3385 3 2
3386 4 0
3387 2 5
3388 3 4
3389 2 5
3390 0 4
3391 5 3
3392 2 6
3393 1 3
3394 3 3
3395 3 3
3396 3 2
3397 5 4
3398 7 1
3399 1 3
3400 0 4
3401 2 2
3402 2 3
3403 3 1
3404 1 3
3405 2 4
3406 5 2
3407 1 4
3408 7 5
3409 3 6
3410 3 3
3411 1 3
3412 2 2
3413 1 3
3414 3 1
3415 2 8
3416 2 2
3417 5 1
3418 4 4
3419 3 4
3420 2 3
3421 0 6
3422 3 16
3423 2 9
3424 1 3
3425 2 3
3426 4 1
3427 3 2
3428 2 3
3429 2 4
3430 2 2
3431 4 3
3432 1 4
3433 3 1
3434 1 2
3435 4 3
3436 1 3
3437 1 3
3438 8 6
3439 4 0
3440 2 4
3441 2 2
3442 2 4
3443 6 6
3444 2 2
3445 4 2
3446 3 1
3447 1 3
3448 5 3
3449 2 2
3450 1 2
3451 2 2
3452 2 4
3453 7 3
3454 3 1
3455 2 4
3456 1 5
3457 1 3
3458 2 3
3459 8 3
3460 3 1
3461 2 3
3462 1 4
3463 2 3
3464 2 4
3465 8 3
3466 1 4
3467 1 3
3468 2 3
3469 1 3
3470 3 3
3471 3 3
3472 6 4
3473 3 2
3474 1 3
3475 3 2
3476 4 2
3477 2 3
3478 6 4
3479 6 20
3480 12 1
3481 6 2
3482 1 8
3483 2 2
3484 3 4
3485 3 1
3486 9 13
3487 0 7
3488 2 4
3489 1 4
3490 3 1
3491 3 4
3492 3 2
3493 1 5
3494 3 1
3495 1 4
3496 5 2
3497 2 2
3498 4 0
3499 3 1
3500 2 2
3501 4 1
3502 1 3
3503 2 2
3504 1 3
3505 2 5
3506 3 3
3507 2 3
3508 2 2
3509 1 5
3510 1 3
3511 3 1
3512 6 2
3513 4 2
3514 2 4
3515 2 4
3516 2 4
3517 4 3
3518 5 0
3519 3 3
3520 2 2
3521 5 2
3522 1 3
3523 3 1
3524 3 1
3525 4 1
3526 6 1
3527 2 4
3528 50 18
3529 6 1
3530 2 3
3531 2 2
3532 2 3
3533 4 2
3534 3 1
3535 2 2
3536 1 2
3537 2 4
3538 6 3
3539 6 6
3540 2 3
3541 7 6
3542 1 3
3543 2 2
3544 4 3
3545 3 3
3546 4 3
3547 3 3
3548 5 2
3549 3 1
3550 2 3
3551 2 3
3552 2 2
3553 4 1
3554 5 2
3555 2 2
3556 3 1
3557 3 3
3558 2 3
3559 1 3
3560 3 1
3561 4 2
3562 5 3
3563 1 3
3564 3 7
3565 4 2
3566 3 3
3567 3 3
3568 5 4
3569 4 2
3570 2 2
3571 4 2
3572 4 1
3573 4 1
3574 2 2
3575 0 4
3576 4 2
3577 3 1
3578 2 3
3579 3 2
3580 2 4
3581 1 7
3582 2 6
3583 3 1
3584 2 4
3585 3 3
3586 5 3
3587 4 1
3588 2 6
3589 3 2
3590 2 2
3591 2 2
3592 1 4
3593 3 2
3594 2 4
3595 2 3
3596 4 3
3597 5 2
3598 2 2
3599 3 3
3600 1 3
3601 4 7
3602 4 1
3603 3 2
3604 2 3
3605 7 2
3606 3 1
3607 8 1
3608 2 3
3609 2 2
3610 8 2
3611 2 2
3612 1 5
3613 4 3
3614 8 6
3615 2 2
3616 4 2
3617 4 1
3618 4 0
3619 3 1
3620 4 1
3621 1 3
3622 3 1
3623 2 2
3624 3 2
3625 1 5
3626 2 2
3627 2 2
3628 2 3
3629 2 2
3630 3 1
3631 4 3
3632 4 1
3633 2 2
3634 4 5
3635 4 2
3636 4 3
3637 3 2
3638 1 4
3639 1 3
3640 2 1
3641 5 3
3642 1 3
3643 2 2
3644 2 2
3645 1 3
3646 3 2
3647 3 3
3648 3 1
3649 4 2
3650 2 2
3651 1 7
3652 1 3
3653 1 3
3654 2 5
3655 4 0
3656 3 1
3657 3 1
3658 2 2
3659 1 2
3660 1 2
3661 3 1
3662 10 6
3663 3 1
3664 3 3
3665 3 3
3666 1 5
3667 5 1
3668 3 5
3669 2 2
3670 4 2
3671 1 4
3672 3 1
3673 2 4
3674 3 2
3675 3 1
3676 2 2
3677 2 2
3678 0 4
3679 4 7
3680 2 2
3681 1 4
3682 2 3
3683 2 3
3684 5 2
3685 2 3
3686 3 4
3687 3 4
3688 1 7
3689 3 3
3690 2 3
3691 1 5
3692 2 7
3693 1 3
3694 2 3
3695 3 1
3696 4 0
3697 1 3
3698 1 3
3699 0 4
3700 3 1
3701 1 3
3702 2 2
3703 3 1
3704 4 2
3705 2 3
3706 3 1
3707 2 7
3708 3 1
3709 1 3
3710 6 1
3711 0 4
3712 3 1
3713 4 1
3714 2 9
3715 3 3
3716 4 2
3717 2 2
3718 1 2
3719 3 4
3720 1 3
3721 3 1
3722 2 4
3723 1 3
3724 22 30
3725 1 3
3726 3 2
3727 2 3
3728 3 20
3729 5 3
3730 4 4
3731 5 1
3732 3 2
3733 4 10
3734 4 1
3735 1 3
3736 2 3
3737 4 1
3738 4 0
3739 3 1
3740 2 3
3741 2 5
3742 3 1
3743 7 4
3744 0 8
3745 4 0
3746 4 1
3747 3 2
3748 3 2
3749 4 5
3750 2 6
3751 4 2
3752 2 2
3753 3 2
3754 3 1
3755 1 5
3756 3 7
3757 4 2
3758 1 3
3759 4 1
3760 4 1
3761 2 6
3762 9 4
3763 3 1
3764 2 2
3765 2 3
3766 3 1
3767 2 2
3768 2 2
3769 4 8
3770 1 3
3771 2 4
3772 2 3
3773 3 6
3774 4 4
3775 2 4
3776 1 3
3777 2 2
3778 0 4
3779 7 5
3780 4 0
3781 5 2
3782 2 2
3783 6 1
3784 3 4
3785 1 4
3786 3 4
3787 3 4
3788 2 11
3789 2 2
3790 2 4
3791 6 9
3792 1 4
3793 5 3
3794 3 2
3795 9 8
3796 0 4
3797 11 5
3798 2 3
3799 6 9
3800 0 4
3801 2 1
3802 2 5
3803 3 2
3804 1 3
3805 3 5
3806 2 2
3807 2 2
3808 3 2
3809 1 4
3810 7 3
3811 2 5
3812 1 2
3813 1 3
3814 23 15
3815 5 0
3816 6 5
3817 0 6
3818 2 4
3819 3 2
3820 3 4
3821 2 2
3822 3 3
3823 2 2
3824 1 3
3825 4 5
3826 4 1
3827 3 6
3828 7 5
3829 4 0
3830 6 2
3831 5 1
3832 2 3
3833 0 4
3834 4 3
3835 2 3
3836 1 3
3837 4 2
3838 3 1
3839 4 0
3840 2 2
3841 3 1
3842 4 2
3843 2 1
3844 4 5
3845 2 2
3846 0 4
3847 3 1
3848 2 2
3849 4 2
3850 2 2
3851 3 2
3852 1 3
3853 4 2
3854 0 4
3855 1 3
3856 0 4
3857 2 5
3858 14 4
3859 2 6
3860 4 3
3861 2 2
3862 4 2
3863 2 2
3864 3 3
3865 2 3
3866 4 1
3867 2 2
3868 9 6
3869 4 1
3870 2 2
3871 2 3
3872 4 4
3873 5 1
3874 3 1
3875 7 2
3876 3 3
3877 0 4
3878 1 5
3879 5 1
3880 3 3
3881 1 3
3882 5 3
3883 1 4
3884 2 2
3885 1 3
3886 3 1
3887 1 3
3888 2 3
3889 6 6
3890 1 8
3891 2 2
3892 3 3
3893 2 2
3894 3 3
3895 1 3
3896 1 6
3897 1 4
3898 8 4
3899 4 1
3900 2 3
3901 2 3
3902 3 2
3903 2 3
3904 1 11
3905 2 2
3906 1 5
3907 3 6
3908 2 5
3909 3 6
3910 0 4
3911 2 4
3912 6 2
3913 3 4
3914 3 1
3915 1 5
3916 3 1
3917 4 2
3918 2 2
3919 0 4
3920 5 2
3921 4 0
3922 3 3
3923 2 2
3924 3 6
3925 2 2
3926 2 4
3927 4 2
3928 1 14
3929 0 6
3930 3 2
3931 2 2
3932 0 5
3933 3 16
3934 3 4
3935 0 4
3936 2 4
3937 3 3
3938 4 1
3939 1 3
3940 3 2
3941 2 2
3942 13 34
3943 3 1
3944 2 2
3945 1 4
3946 3 2
3947 3 1
3948 3 3
3949 4 1
3950 7 6
3951 2 2
3952 2 3
3953 3 4
3954 3 1
3955 3 3
3956 0 5
3957 1 10
3958 1 4
3959 1 3
3960 1 11
3961 3 1
3962 2 2
3963 2 3
3964 4 6
3965 6 1
3966 7 5
3967 2 2
3968 4 1
3969 4 0
3970 2 3
3971 1 4
3972 3 15
3973 3 1
3974 7 1
3975 3 1
3976 2 3
3977 4 1
3978 3 3
3979 1 5
3980 3 1
3981 1 4
3982 4 2
3983 2 4
3984 2 4
3985 4 4
3986 3 1
3987 3 1
3988 4 1
3989 4 2
3990 1 3
3991 3 3
3992 4 0
3993 2 5
3994 3 1
3995 2 4
3996 5 3
3997 3 5
3998 3 12
3999 2 2
4000 0 6
4001 3 5
4002 2 6
4003 4 2
4004 4 1
4005 3 1
4006 2 4
4007 3 2
4008 5 1
4009 2 2
4010 3 1
4011 2 2
4012 3 1
4013 1 5
4014 2 2
4015 0 5
4016 1 3
4017 3 2
4018 5 4
4019 5 3
4020 4 1
4021 2 2
4022 3 2
4023 2 2
4024 2 2
4025 3 1
4026 2 2
4027 3 3
4028 2 2
4029 1 7
4030 3 1
4031 2 3
4032 3 1
4033 3 3
4034 3 3
4035 2 2
4036 5 0
4037 3 2
4038 3 4
4039 3 2
4040 2 4
4041 3 4
4042 0 4
4043 3 1
4044 6 1
4045 4 0
4046 1 3
4047 4 4
4048 0 5
4049 2 4
4050 3 1
4051 3 2
4052 2 3
4053 5 1
4054 5 11
4055 3 2
4056 3 1
4057 3 2
4058 3 2
4059 1 4
4060 2 2
4061 5 1
4062 2 2
4063 3 5
4064 2 4
4065 4 4
4066 9 4
4067 4 1
4068 2 2
4069 2 3
4070 2 2
4071 3 2
4072 3 2
4073 1 4
4074 4 1
4075 2 2
4076 3 1
4077 3 3
4078 3 1
4079 3 2
4080 1 7
4081 2 2
4082 9 4
4083 2 2
4084 2 2
4085 1 3
4086 4 2
4087 3 2
4088 1 3
4089 2 3
4090 1 2
4091 4 5
4092 2 2
4093 1 4
4094 3 7
4095 1 6
4096 3 1
4097 2 4
4098 2 2
4099 2 4
4100 5 4
4101 3 1
4102 2 2
4103 2 6
4104 3 2
4105 7 1
4106 4 3
4107 1 3
4108 1 4
4109 0 4
4110 5 2
4111 2 4
4112 0 4
4113 5 3
4114 0 4
4115 1 3
4116 4 0
4117 2 3
4118 1 2
4119 4 0
4120 3 2
4121 2 4
4122 1 3
4123 1 6
4124 2 2
4125 3 3
4126 1 3
4127 2 4
4128 3 2
4129 0 6
4130 3 5
4131 3 2
4132 1 3
4133 2 5
4134 0 4
4135 3 2
4136 1 4
4137 4 1
4138 1 3
4139 4 1
4140 0 4
4141 2 3
4142 1 7
4143 3 1
4144 3 1
4145 2 4
4146 2 2
4147 2 6
4148 4 2
4149 4 0
4150 1 5
4151 3 3
4152 1 3
4153 2 2
4154 3 1
4155 3 2
4156 3 2
4157 1 3
4158 0 9
4159 3 2
4160 3 1
4161 3 1
4162 2 1
4163 1 3
4164 4 1
4165 4 4
4166 2 2
4167 4 0
4168 3 3
4169 2 3
4170 1 3
4171 3 4
4172 4 6
4173 4 0
4174 2 6
4175 13 6
4176 2 2
4177 3 1
4178 2 2
4179 6 1
4180 4 1
4181 5 3
4182 3 3
4183 3 2
4184 4 2
4185 4 0
4186 3 3
4187 3 1
4188 3 2
4189 0 6
4190 2 2
4191 5 2
4192 7 3
4193 1 3
4194 1 3
4195 5 4
4196 2 4
4197 1 4
4198 6 4
4199 3 1
4200 2 3
4201 1 4
4202 4 1
4203 4 3
4204 1 3
4205 2 2
4206 3 1
4207 4 2
4208 1 6
4209 2 3
4210 10 10
4211 4 2
4212 2 2
4213 5 3
4214 1 4
4215 3 1
4216 2 3
4217 2 3
4218 1 5
4219 3 9
4220 2 3
4221 2 4
4222 2 5
4223 2 2
4224 2 2
4225 2 3
4226 2 3
4227 3 1
4228 2 4
4229 0 4
4230 3 2
4231 2 2
4232 2 2
4233 2 4
4234 4 1
4235 2 3
4236 4 2
4237 5 11
4238 6 0
4239 3 2
4240 4 2
4241 1 6
4242 6 0
4243 1 3
4244 3 12
4245 3 2
4246 5 2
4247 6 2
4248 3 1
4249 1 4
4250 9 7
4251 2 2
4252 5 0
4253 1 4
4254 3 3
4255 3 1
4256 10 2
4257 2 2
4258 3 1
4259 0 4
4260 2 2
4261 1 4
4262 3 2
4263 4 1
4264 3 3
4265 3 2
4266 3 0
4267 2 3
4268 7 2
4269 2 3
4270 2 2
4271 3 2
4272 2 6
4273 3 1
4274 3 3
4275 3 2
4276 2 3
4277 1 3
4278 0 4
4279 2 3
4280 2 2
4281 2 2
4282 2 2
4283 4 3
4284 4 1
4285 3 2
4286 3 2
4287 1 4
4288 3 1
4289 0 4
4290 4 2
4291 10 6
4292 7 3
4293 2 8
4294 1 3
4295 3 1
4296 3 3
4297 4 5
4298 4 3
4299 1 6
4300 3 1
4301 2 2
4302 13 26
4303 2 2
4304 4 1
4305 6 8
4306 3 2
4307 4 2
4308 3 1
4309 2 3
4310 3 3
4311 9 6
4312 5 5
4313 1 3
4314 7 9
4315 4 1
4316 1 3
4317 5 3
4318 22 52
4319 4 2
4320 4 8
4321 1 4
4322 2 3
4323 2 2
4324 3 2
4325 1 1
4326 0 3
4327 2 4
4328 2 2
4329 2 2
4330 3 1
4331 2 3
4332 2 2
4333 4 0
4334 10 9
4335 4 4
4336 1 4
4337 2 4
4338 4 3
4339 5 2
4340 1 5
4341 1 4
4342 1 3
4343 0 5
4344 3 2
4345 8 6
4346 6 0
4347 3 5
4348 3 1
4349 6 6
4350 3 2
4351 6 3
4352 1 3
4353 2 2
4354 1 3
4355 2 3
4356 1 3
4357 4 2
4358 1 4
4359 3 1
4360 2 5
4361 6 4
4362 2 3
4363 2 4
4364 2 3
4365 2 2
4366 7 4
4367 3 2
4368 3 1
4369 4 2
4370 1 4
4371 2 2
4372 5 0
4373 4 7
4374 2 3
4375 5 3
4376 5 1
4377 3 2
4378 2 7
4379 3 1
4380 7 3
4381 4 0
4382 3 1
4383 6 1
4384 1 3
4385 1 4
4386 4 2
4387 3 1
4388 6 2
4389 3 3
4390 2 2
4391 3 2
4392 1 4
4393 2 2
4394 3 4
4395 3 2
4396 0 5
4397 4 1
4398 6 3
4399 1 3
4400 2 1
4401 8 6
4402 1 3
4403 3 2
4404 1 3
4405 3 1
4406 2 6
4407 3 2
4408 2 4
4409 4 1
4410 3 3
4411 2 2
4412 4 2
4413 1 3
4414 2 4
4415 2 1
4416 3 1
4417 3 2
4418 3 2
4419 3 2
4420 2 5
4421 5 7
4422 2 2
4423 4 1
4424 7 2
4425 3 3
4426 3 5
4427 3 4
4428 1 3
4429 2 4
4430 3 3
4431 4 1
4432 1 7
4433 1 4
4434 2 5
4435 4 3
4436 2 4
4437 3 1
4438 2 2
4439 2 2
4440 2 3
4441 2 4
4442 7 0
4443 2 2
4444 2 2
4445 5 2
4446 4 0
4447 2 3
4448 2 2
4449 3 1
4450 3 3
4451 3 1
4452 3 1
4453 3 2
4454 2 3
4455 3 1
4456 3 1
4457 5 3
4458 4 2
4459 2 4
4460 3 5
4461 1 5
4462 2 4
4463 4 1
4464 4 1
4465 1 3
4466 2 2
4467 4 2
4468 3 1
4469 1 4
4470 2 2
4471 1 4
4472 1 4
4473 4 2
4474 5 5
4475 3 2
4476 3 3
4477 9 8
4478 1 4
4479 1 3
4480 3 3
4481 2 2
4482 3 2
4483 3 2
4484 3 2
4485 7 1
4486 5 2
4487 2 2
4488 1 4
4489 2 3
4490 2 2
4491 8 1
4492 0 4
4493 1 3
4494 2 2
4495 4 0
4496 1 4
4497 3 5
4498 0 4
4499 4 1
4500 3 2
4501 3 2
4502 2 3
4503 4 3
4504 2 4
4505 4 0
4506 3 2
4507 0 5
4508 3 2
4509 0 4
4510 5 4
4511 3 2
4512 4 2
4513 5 3
4514 0 8
4515 1 3
4516 3 2
4517 1 4
4518 3 1
4519 3 3
4520 3 1
4521 3 1
4522 2 2
4523 1 3
4524 1 3
4525 2 2
4526 1 4
4527 4 2
4528 6 9
4529 1 3
4530 6 3
4531 3 1
4532 4 2
4533 2 5
4534 3 3
4535 1 6
4536 0 4
4537 1 3
4538 2 5
4539 3 1
4540 0 6
4541 5 0
4542 4 0
4543 2 2
4544 3 3
4545 4 2
4546 4 3
4547 0 4
4548 4 5
4549 3 5
4550 2 2
4551 5 7
4552 3 7
4553 5 1
4554 0 4
4555 3 5
4556 4 1
4557 2 2
4558 2 2
4559 2 2
4560 2 3
4561 2 3
4562 3 1
4563 3 3
4564 4 3
4565 3 5
4566 2 2
4567 2 3
4568 2 2
4569 4 2
4570 2 4
4571 2 3
4572 2 6
4573 2 3
4574 4 2
4575 4 2
4576 7 6
4577 4 6
4578 3 4
4579 2 2
4580 4 4
4581 1 5
4582 3 3
4583 2 2
4584 3 1
4585 2 2
4586 1 3
4587 2 2
4588 2 2
4589 2 2
4590 2 2
4591 2 2
4592 2 2
4593 0 3
4594 2 2
4595 3 1
4596 1 4
4597 2 2
4598 1 5
4599 2 2
4600 4 11
4601 2 9
4602 3 1
4603 4 10
4604 3 2
4605 5 4
4606 7 3
4607 4 1
4608 5 3
4609 1 3
4610 3 2
4611 1 4
4612 1 4
4613 5 2
4614 2 4
4615 3 2
4616 1 4
4617 5 5
4618 4 1
4619 2 3
4620 1 5
4621 1 3
4622 2 3
4623 3 6
4624 2 3
4625 2 2
4626 6 9
4627 3 1
4628 2 3
4629 3 2
4630 4 2
4631 2 3
4632 7 2
4633 3 2
4634 4 5
4635 1 5
4636 2 3
4637 3 1
4638 4 2
4639 2 4
4640 2 2
4641 2 4
4642 3 2
4643 5 10
4644 1 5
4645 2 3
4646 3 2
4647 2 3
4648 1 3
4649 6 5
4650 2 5
4651 2 2
4652 4 6
4653 0 5
4654 3 1
4655 1 2
4656 2 3
4657 2 2
4658 1 3
4659 19 6
4660 4 1
4661 3 3
4662 2 7
4663 3 0
4664 2 5
4665 2 2
4666 2 2
4667 7 3
4668 2 2
4669 3 14
4670 5 3
4671 3 4
4672 3 3
4673 2 2
4674 2 2
4675 4 0
4676 2 2
4677 1 4
4678 4 3
4679 2 4
4680 1 4
4681 3 1
4682 3 3
4683 3 1
4684 2 3
4685 1 3
4686 2 1
4687 1 5
4688 3 2
4689 4 7
4690 3 2
4691 4 3
4692 3 3
4693 4 1
4694 2 2
4695 5 1
4696 1 3
4697 2 4
4698 6 3
4699 2 2
4700 2 2
4701 6 1
4702 1 6
4703 7 3
4704 10 6
4705 3 2
4706 2 2
4707 1 3
4708 1 3
4709 1 3
4710 1 3
4711 5 2
4712 1 5
4713 2 2
4714 3 2
4715 1 4
4716 2 3
4717 1 3
4718 4 9
4719 3 1
4720 1 5
4721 2 2
4722 3 2
4723 3 1
4724 2 2
4725 4 0
4726 4 2
4727 2 2
4728 0 5
4729 4 2
4730 3 1
4731 3 2
4732 2 2
4733 6 4
4734 2 4
4735 3 5
4736 2 5
4737 2 4
4738 5 0
4739 4 1
4740 2 8
4741 1 3
4742 2 3
4743 5 3
4744 4 2
4745 2 5
4746 2 3
4747 1 3
4748 3 3
4749 4 2
4750 1 1
4751 7 2
4752 3 1
4753 1 3
4754 2 2
4755 4 4
4756 3 2
4757 5 1
4758 1 3
4759 2 4
4760 4 1
4761 2 3
4762 5 1
4763 3 3
4764 0 5
4765 6 5
4766 2 3
4767 2 5
4768 2 5
4769 2 2
4770 2 3
4771 2 5
4772 2 3
4773 2 2
4774 4 0
4775 2 2
4776 3 2
4777 3 2
4778 3 4
4779 6 0
4780 0 3
4781 3 1
4782 5 2
4783 5 4
4784 1 5
4785 4 1
4786 2 3
4787 5 7
4788 2 2
4789 3 5
4790 5 3
4791 2 2
4792 2 2
4793 2 2
4794 4 2
4795 3 4
4796 6 1
4797 2 3
4798 5 0
4799 8 1
4800 2 3
4801 4 1
4802 3 1
4803 3 1
4804 4 5
4805 5 3
4806 7 9
4807 3 3
4808 3 2
4809 3 8
4810 4 5
4811 4 4
4812 2 2
4813 4 1
4814 4 0
4815 2 2
4816 4 0
4817 3 1
4818 2 4
4819 1 3
4820 4 4
4821 3 3
4822 2 4
4823 1 3
4824 4 2
4825 2 2
4826 3 1
4827 2 2
4828 2 3
4829 3 1
4830 3 3
4831 2 2
4832 1 5
4833 4 3
4834 2 4
4835 4 1
4836 2 2
4837 5 2
4838 3 2
4839 4 1
4840 2 2
4841 2 3
4842 3 1
4843 1 3
4844 3 4
4845 4 5
4846 5 2
4847 3 1
4848 6 2
4849 2 2
4850 2 2
4851 2 2
4852 3 1
4853 2 3
4854 1 5
4855 1 3
4856 4 1
4857 3 4
4858 3 2
4859 3 4
4860 5 2
4861 3 2
4862 2 4
4863 2 6
4864 3 2
4865 2 4
4866 4 2
4867 3 3
4868 4 3
4869 4 1
4870 4 1
4871 2 2
4872 3 1
4873 2 2
4874 3 2
4875 3 2
4876 1 3
4877 2 3
4878 3 2
4879 1 3
4880 4 2
4881 5 1
4882 6 1
4883 1 3
4884 1 4
4885 1 3
4886 2 4
4887 2 5
4888 4 3
4889 0 8
4890 5 3
4891 4 1
4892 1 3
4893 4 1
4894 1 7
4895 1 4
4896 1 5
4897 1 4
4898 1 5
4899 3 2
4900 1 4
4901 2 3
4902 2 2
4903 1 3
4904 0 5
4905 3 2
4906 1 3
4907 1 3
4908 2 3
4909 1 4
4910 3 2
4911 2 2
4912 2 3
4913 5 1
4914 3 2
4915 3 3
4916 6 0
4917 3 2
4918 3 2
4919 3 4
4920 3 4
4921 2 3
4922 2 3
4923 4 1
4924 3 3
4925 5 5
4926 4 3
4927 1 6
4928 3 2
4929 7 3
4930 1 4
4931 3 6
4932 2 4
4933 1 3
4934 3 3
4935 1 3
4936 2 3
4937 2 2
4938 2 2
4939 1 4
4940 4 2
4941 6 5
4942 6 2
4943 2 3
4944 3 4
4945 1 3
4946 1 3
4947 1 3
4948 4 1
4949 4 5
4950 3 5
4951 4 3
4952 3 1
4953 2 2
4954 4 10
4955 6 4
4956 3 1
4957 2 4
4958 2 3
4959 1 3
4960 5 1
4961 1 4
4962 2 2
4963 6 6
4964 3 1
4965 0 4
4966 2 2
4967 3 2
4968 1 3
4969 5 0
4970 4 4
4971 2 2
4972 3 0
4973 2 4
4974 2 2
4975 1 4
4976 2 4
4977 3 2
4978 4 0
4979 2 3
4980 2 3
4981 2 2
4982 3 1
4983 3 3
4984 2 2
4985 1 3
4986 3 2
4987 3 3
4988 3 3
4989 2 3
4990 1 11
4991 1 4
4992 3 1
4993 3 1
4994 3 2
4995 4 2
4996 1 6
4997 3 1
4998 1 4
4999 3 6
5000 3 4
0 0
0 68823
0 7091
0 7091
0 68823
0 68823
0 37189
0 37189
0 7091
0 19861
0 42005
0 42005
0 0
0 42005
0 68823
0 68823
0 68823
0 7091
0 19861
0 0
0 19861
0 7091
9152 67139
0 19861
0 55044
0 45479
0 34870
0 19861
0 45479
0 55044
0 7091
0 7091
0 89079
0 19861
0 55044
0 7091
0 0
0 55044
0 61037
0 89079
0 76796
0 91183
0 37189
0 7091
0 41501
0 61037
0 37357
0 5412
0 42005
0 61037
0 49049
49646 90086
0 27861
0 7541
0 7541
0 369
0 56531
0 94485
0 49049
0 78946
39041 72561
0 23831
0 35313
0 5412
0 94485
0 78946
0 86593
0 55044
0 76796
0 49743
0 37934
0 49743
0 7091
0 69266
0 5412
0 76796
0 57964
0 42705
0 61687
12248 57964
0 42705
9152 66228
0 5412
0 56531
0 29054
0 42705
0 55044
0 35817
0 61687
0 33571
0 61687
0 29054
5686 35706
0 44601
86023 90945
47770 1781
0 75952
0 80817
32145 44601
0 3440
0 70333
42369 34752
37535 81543
0 12880
0 29054
0 1886
0 45171
0 23831
0 475
0 37481
0 94485
37535 81937
0 27869
0 37934
0 5001
0 37934
0 37934
9152 67139
0 76796
0 45171
0 93722
42603 12104
3461 42705
0 26814
39041 73440
0 94485
0 76796
9152 67139
23519 99540
0 97457
12248 57964
0 28307
0 12880
0 9711
39041 73440
4761 45758
12248 57964
0 75130
0 19230
0 97457
0 22607
86023 49743
0 12880
39041 73440
22284 19230
3461 42235
41081 70333
0 86593
86023 97959
0 76796
82085 92023
12248 57964
0 51594
85198 9468
86023 81789
0 86593
86023 67631
0 86593
0 62056
12248 57964
0 23831
0 21523
0 2788
0 91183
0 59469
0 2253
0 23589
0 12880
0 96532
0 23831
0 56531
2499 71080
0 21523
43123 65000
0 61141
0 1135
0 72561
129 57498
0 89582
0 69662
84939 49743
577 57465
0 18581
0 84635
0 59469
32145 44601
50499 89734
0 29054
84939 49743
0 78471
85198 9468
0 38036
0 23831
0 29054
0 62056
4761 45758
9152 67194
0 58998
9152 68498
0 99781
21636 84249
0 22607
0 29054
64832 61901
41081 70333
46001 37675
0 65000
0 66228
33044 42705
0 14529
22284 19866
0 4059
51545 7128
49646 90086
0 89582
3461 49743
51384 220
0 6097
0 79404
3461 49743
86023 67631
85198 9468
0 14529
2499 71080
0 94137
0 74823
0 16079
4761 47631
21636 84980
0 62818
32145 44601
46674 41701
0 71586
82085 92023
0 69662
0 62818
85198 9468
86023 81789
22284 20317
0 69662
0 56975
0 80805
0 7541
62574 92023
0 97457
86023 49743
86023 49743
0 27869
3461 49049
9152 66228
0 91073
3461 44601
41081 70333
3461 45171
46001 37675
0 62056
0 86593
4761 45758
58846 20986
39833 79138
0 14456
3461 49743
0 23589
0 62818
0 22607
86023 81789
56666 84447
0 89079
0 38036
0 18581
0 86593
86023 97987
13033 55684
0 12880
42603 12104
4761 47631
0 89582
0 39436
93696 94082
22284 19560
39041 73659
0 75130
40780 96532
0 29054
4761 47448
85198 9468
0 9711
62574 92023
62574 92023
0 72561
86023 67631
0 33571
0 94485
44608 37481
0 10931
0 16089
0 29054
0 4747
3461 43605
86023 92470
3461 49049
0 51594
45768 46999
0 59156
0 99170
21636 84249
0 28307
3288 57831
3461 43605
0 30915
60242 61454
0 36310
2391 55308
0 91073
59466 55166
84939 49743
42603 12104
12248 57964
0 37934
85198 9468
0 4420
22284 20142
0 99695
3461 49049
11499 67194
0 90086
0 86593
86023 49743
0 59070
84939 49743
0 14456
0 3440
5680 66228
0 29054
0 28307
48210 57570
0 23831
4761 47631
4761 45700
39041 73659
3461 43605
3461 49687
0 30915
59052 15488
86023 50564
0 90086
3461 43605
0 80805
22284 20317
50415 78573
0 1915
11499 61141
0 33571
48544 79138
48163 66468
42752 92110
3461 45700
3461 49743
42752 92386
84939 49743
42603 12104
0 89582
18560 7028
32250 37244
86023 49743
0 17354
62574 92023
0 9711
4761 46395
0 72561
0 59866
0 39145
0 59156
86023 49743
4761 47631
11499 62818
0 35313
11499 61454
56280 9711
3461 45700
41081 71776
41143 86593
46549 44793
0 16079
3461 43605
64832 61901
42603 12104
0 39145
0 80805
0 97070
3461 49743
92054 67631
86023 49743
0 8706
0 28307
0 37008
37535 82028
0 16079
37086 34970
11499 61901
0 27869
56666 84447
48544 79138
0 56535
86023 49743
21636 85801
41081 70333
21636 84447
0 39145
55247 84447
5616 9116
0 62056
0 23033
17999 54338
33751 41582
117 58594
85198 9468
27605 98335
36493 34669
42752 92386
27890 69310
0 69988
4761 47448
60569 61105
51545 5835
0 17354
92054 49398
0 23033
32639 45758
21636 85670
0 21549
3461 49398
48544 76209
0 21549
17733 78946
11499 67194
46549 44793
5616 9116
0 27869
0 40273
0 80805
0 38726
86023 49743
0 12880
0 14456
48886 14529
13033 55684
51545 4059
25657 193
32145 44948
37535 95847
0 9574
93696 94259
86023 49743
0 85892
4761 46395
48544 76209
0 36911
38558 9574
0 17354
11499 65891
13033 55684
0 40373
3461 43605
51545 5835
0 85892
39041 73659
92054 49398
0 17354
47492 68617
0 12104
0 6097
0 23831
0 1931
0 32657
11499 62818
0 27609
42149 95613
0 23831
0 98335
0 85892
86023 49743
0 30915
0 89286
45768 47070
0 25749
3461 49049
0 26854
0 26854
5616 9267
0 38036
0 37189
39041 73659
0 85892
4761 47631
0 1931
62574 99240
0 32657
48544 76209
3461 49743
81672 6005
13033 55684
4761 46395
86023 49743
21636 80817
0 29364
85198 9468
0 23033
0 80563
50499 89734
0 23033
42603 12104
4065 42235
18560 7028
37437 59156
37535 94137
43026 70333
0 74823
51545 5272
39041 73659
85198 9468
11499 62818
92054 49398
0 21523
48544 76209
23519 99540
37394 23831
40780 96532
34642 18647
3461 45514
51384 2253
34642 18647
117 58594
0 12104
64622 12824
48544 79138
47428 68695
49646 90086
14339 52953
0 38726
75211 895
40 42399
34642 18647
44253 45340
1078 36549
0 1931
12248 57964
0 17693
3461 49743
0 21523
86023 49743
0 80805
51545 5272
0 21523
0 97457
26907 193
86023 49743
85268 26951
0 14456
62574 92023
0 89286
64622 12824
46549 59469
11499 68143
92054 97099
43123 67383
0 21523
1078 36619
92054 49398
36493 34669
0 21523
85198 9468
4761 47631
86023 49743
0 6039
4761 47631
84939 49743
309 56975
48544 76209
48544 81543
37535 93722
32410 39917
46513 42064
48085 58998
49646 90086
51545 7401
59466 55166
11499 62818
16575 55068
0 98819
32555 80817
46388 43507
93952 73213
37394 28307
43026 70333
85198 9468
0 97989
41797 77395
37437 59156
0 98335
0 89286
46674 41701
309 56975
40780 96532
0 86557
0 89286
0 17693
0 12880
39041 73659
48544 79138
0 89286
0 72561
73454 3786
0 80563
58794 29364
82888 3677
48544 79138
0 9574
92054 65814
63238 33571
4761 47631
11499 66621
13940 52569
27605 98435
62574 92023
3461 49486
52096 581
92751 91511
0 98335
48544 81543
62574 92023
48544 79138
0 21523
4761 47631
0 62056
0 21523
50947 69335
44431 38036
0 0
0 9574
0 8706
86023 49743
92054 78501
0 52212
74534 7710
0 80805
4761 46778
37394 23033
90949 50564
19764 71486
37394 23831
0 3863
48453 20544
45768 47070
0 97457
0 86557
46549 59469
505 35001
74534 7710
309 56975
64832 54440
37394 25749
58794 29364
0 16079
85198 9468
51482 35845
92054 49398
92054 85666
51384 20544
1020 40960
74534 7710
39041 73659
0 66437
0 12880
48544 76209
43770 84047
11499 63960
3461 43203
37394 32657
84939 49743
0 80805
58390 4661
12580 70333
0 21523
12269 55253
17733 78827
48886 14529
34642 18647
55101 33571
86023 49743
4761 47631
0 21523
0 89286
0 16079
46388 39559
0 21523
37394 28307
0 21523
0 40062
63238 33571
46549 35364
48544 79138
46388 42753
0 72574
0 16079
86023 49743
40 42399
48544 76209
0 1370
48544 76209
0 59339
50274 99385
43770 84047
21636 84249
51545 9351
85708 26854
0 9574
38200 34629
45239 68271
17733 77509
0 12104
309 56975
81672 6382
4065 42235
0 59339
0 5825
0 19230
62574 97677
11499 61901
3461 49743
51482 35845
0 89286
56858 31282
0 5126
0 1497
85198 9468
21636 84249
56858 31282
21443 36310
59466 55546
0 38821
0 89286
0 35640
50947 69335
43268 71986
0 21523
0 16079
0 35817
0 59339
32639 45965
0 80805
73968 7401
92054 82602
129 57498
0 38821
90949 50564
47954 67955
42354 88282
0 89286
63238 33571
22284 19230
42354 87837
60569 61105
47954 67955
37394 18647
4761 47631
86023 49743
0 80805
20830 58594
21443 36524
59466 52207
93696 94082
75529 7289
11499 61454
3461 49743
3461 44601
85198 9468
46001 37675
48210 10931
0 62287
3461 49743
41081 72928
0 21523
37394 24198
44608 37312
48544 79138
42603 12104
4258 40504
0 21523
42752 91346
0 35455
50415 78573
92054 73213
37394 30915
0 5852
37394 24198
64832 61901
0 80805
0 39570
0 0
51384 16089
59466 52207
11499 66763
0 21523
86023 49743
37394 25749
86023 49743
27890 68823
3461 45700
0 89286
0 35845
0 21523
0 0
0 38821
26167 41879
62574 92023
45395 37397
47566 39145
29290 51845
47876 72987
42354 88282
0 72574
92054 62386
92054 41691
34642 18647
51545 9468
10739 43851
0 1370
46388 39826
32555 80817
4761 47631
56280 9857
4761 45700
0 74823
0 21523
34642 18647
0 89286
49472 57801
9034 79966
47220 67098
0 17693
0 11844
4761 47631
0 1931
0 21523
51384 92386
47592 62750
56666 84447
0 21523
0 76736
40990 73659
0 18647
92054 98085
48210 40273
47592 65581
0 37780
56666 75024
48210 72987
0 59866
59466 55546
51307 3042
92054 41691
51385 46036
46433 60555
0 99695
59052 15488
86023 49743
21636 80817
75529 7688
58794 29364
48544 76209
37368 77817
40692 97989
4761 45700
63238 33571
42354 87837
0 9574
13033 55684
86826 22657
36178 77817
13189 77060
46388 43707
0 9574
1925 41766
92054 41691
43268 71986
48210 40273
84939 49743
11499 66858
0 11844
0 11844
5680 66228
37394 25749
85198 9468
0 17693
0 65393
90949 50564
95118 38726
309 56831
16193 55155
32555 80817
37394 25749
37394 22607
9034 80025
40690 76209
0 3644
8726 34660
14339 52747
3461 49743
0 85892
21636 80817
0 88946
0 3863
11499 67630
51545 7486
11499 60997
37394 28307
86023 49743
42354 89412
2082 60997
92751 81011
62574 92023
92054 41691
46549 59469
49472 60933
37437 59156
12269 55253
19779 70940
0 21523
0 72574
59466 55166
46549 42909
0 51594
0 59339
0 88946
26167 41879
0 59866
37394 32657
39841 81380
11499 65000
37394 23589
9034 80640
309 56975
0 38682
0 52409
0 74823
59466 52207
62574 92023
0 4422
0 16079
47876 68600
29290 51845
86023 49743
11499 67630
94369 0
0 80805
95118 6005
37535 94137
22284 19230
45395 37397
95118 11286
92054 41691
37394 33571
26501 76796
92054 78501
0 72574
0 21523
0 37972
0 16079
0 21523
16559 34617
48210 72987
51266 57801
3461 49743
0 80805
11499 61283
0 21523
48886 14529
42354 88687
56858 30915
11499 68143
0 21523
4761 47482
0 5052
59428 12824
59052 21131
60569 61105
51384 46346
42149 95249
51384 49743
0 86557
86023 49743
52655 24198
13010 57815
92054 83537
24761 37038
51384 49743
46611 43507
93696 95110
40690 73840
