297
1000 1000
-1 810 7 36 59
-1 0 829 250 7
-1 668 87 237 19
-1 668 106 28 30
-1 469 981 80 19
-1 870 0 130 22
-1 0 218 74 60
-1 646 218 21 23
-1 0 79 151 2
-1 61 194 54 24
-1 704 943 151 46
-1 276 64 170 25
-1 276 89 221 27
-1 243 164 85 54
-1 549 922 44 28
-1 184 194 39 24
-1 0 467 44 62
-1 486 428 514 28
-1 486 456 358 11
-1 0 655 129 22
-1 25 595 179 58
-1 668 136 60 19
-1 15 918 109 20
-1 15 938 182 14
-1 40 737 399 32
-1 457 467 259 80
-1 614 808 386 11
-1 826 756 174 52
-1 445 381 555 6
-1 525 316 301 3
-1 869 218 131 31
-1 0 529 192 64
-1 129 467 216 34
-1 139 316 306 61
-1 139 377 20 51
-1 457 547 283 31
-1 525 319 475 22
-1 930 296 70 23
-1 667 937 188 6
-1 749 829 58 15
-1 46 18 138 34
-1 347 428 99 21
-1 870 22 19 44
-1 913 22 87 65
-1 0 699 844 38
-1 170 218 26 43
-1 486 661 340 12
-1 300 218 135 10
-1 335 959 214 22
-1 335 981 70 19
-1 0 145 51 14
-1 156 145 28 43
-1 156 188 67 6
-1 448 829 256 15
-1 525 358 475 23
-1 525 341 242 17
-1 826 341 174 17
-1 445 387 80 41
-1 653 387 347 41
-1 300 228 312 11
-1 558 218 54 10
-1 14 331 76 37
-1 60 278 30 53
-1 668 44 28 43
-1 696 0 150 7
-1 749 844 211 17
-1 911 829 49 15
-1 364 239 248 39
-1 826 467 18 93
-1 109 0 75 18
-1 15 971 86 29
-1 15 952 14 19
-1 101 952 96 1
-1 749 907 106 30
-1 0 677 826 22
-1 0 593 204 2
-1 227 673 599 4
-1 0 871 183 14
-1 0 849 40 22
-1 122 849 61 22
-1 773 66 116 21
-1 60 368 30 60
-1 46 58 190 7
-1 255 58 191 6
-1 540 89 84 50
-1 615 856 89 20
-1 615 876 22 45
-1 436 295 390 21
-1 538 55 86 34
-1 100 278 336 15
-1 100 295 273 21
-1 614 737 230 18
-1 614 755 386 1
-1 614 756 157 52
-1 100 293 726 2
-1 525 278 301 15
-1 40 769 500 17
-1 497 737 43 32
-1 667 907 37 30
-1 399 139 90 45
-1 399 184 487 34
-1 306 928 99 30
-1 306 958 243 1
-1 40 810 500 19
-1 40 786 312 24
-1 439 786 101 24
-1 887 907 113 47
-1 646 241 180 37
-1 25 653 104 2
-1 288 637 149 36
-1 332 868 57 20
-1 937 171 39 47
-1 170 428 147 39
-1 223 113 13 3
-1 223 116 274 23
-1 223 139 105 3
-1 0 81 46 64
-1 63 81 88 24
-1 63 113 121 32
-1 704 989 296 11
-1 276 142 52 22
-1 347 449 27 18
-1 543 139 81 16
-1 543 155 185 16
-1 543 171 343 13
-1 129 501 63 28
-1 227 501 118 77
-1 227 578 210 59
-1 161 953 36 47
-1 487 19 77 36
-1 603 0 21 55
-1 46 52 400 6
-1 223 0 53 16
-1 223 16 107 32
-1 223 48 223 4
-1 761 106 200 39
-1 614 819 230 10
-1 63 105 173 8
-1 46 65 105 14
-1 184 65 52 40
-1 749 861 162 46
-1 0 885 250 33
-1 0 836 183 13
-1 222 836 28 49
-1 761 145 239 26
-1 549 844 155 12
-1 549 856 44 47
-1 486 578 254 83
-1 889 249 22 47
-1 617 921 20 22
-1 617 943 46 57
-1 257 829 132 39
-1 257 888 218 15
-1 257 903 336 19
-1 257 922 148 6
-1 257 928 27 72
-1 0 159 128 35
1 905 87 95 19
2 196 242 104 18
3 696 7 114 59
4 540 786 74 43
5 624 0 44 155
6 405 981 64 19
7 846 0 24 66
8 446 48 41 41
9 549 950 44 50
10 276 0 97 16
11 612 218 34 60
12 0 56 46 23
13 0 194 61 24
14 976 171 24 47
15 437 647 49 26
16 0 766 40 63
17 663 943 41 57
18 437 614 49 33
19 637 876 30 67
20 255 64 21 52
21 180 918 70 20
22 184 162 39 26
23 223 164 20 54
24 844 456 156 17
25 101 953 29 47
26 405 922 144 9
27 115 194 69 24
28 844 473 156 282
29 446 428 40 39
30 196 218 61 24
31 0 595 25 60
32 728 136 33 35
33 0 918 15 82
34 0 737 40 29
35 330 16 43 32
36 358 467 99 111
37 196 260 104 18
38 771 756 55 52
39 159 377 286 51
40 445 316 80 65
41 826 218 43 31
42 0 278 14 150
43 345 467 13 111
44 86 467 43 62
45 112 316 27 112
46 716 467 24 80
47 44 467 42 62
48 826 296 104 23
49 734 829 15 108
50 0 18 46 38
51 704 829 30 58
52 317 428 30 39
53 889 22 24 65
54 826 560 18 139
55 127 218 43 43
56 489 139 27 45
57 740 583 86 78
58 448 872 101 16
59 911 249 26 47
60 257 218 43 24
61 306 959 29 41
62 128 145 28 49
63 389 829 59 59
64 767 341 59 17
65 525 387 128 41
66 435 218 123 10
67 14 278 46 53
68 668 0 28 44
69 124 918 56 20
70 807 829 104 15
71 937 249 63 47
72 300 239 64 39
73 740 467 86 116
74 0 0 109 18
75 405 931 81 27
76 29 952 72 19
77 960 829 20 78
78 204 593 23 84
79 40 849 82 22
80 696 66 77 21
81 14 368 46 60
82 74 218 53 60
83 100 316 12 112
84 236 58 19 58
85 497 89 43 50
86 593 856 22 65
87 373 295 63 21
88 487 55 51 34
89 90 278 10 150
90 540 737 74 49
91 197 938 53 62
92 373 0 24 48
93 436 278 89 15
94 439 737 58 32
95 667 876 37 31
96 384 139 15 79
97 284 928 22 72
98 352 786 87 24
99 855 907 32 47
100 667 218 159 23
101 486 931 63 27
102 424 0 63 26
103 129 653 75 24
104 227 637 61 36
105 257 868 75 20
106 886 171 51 47
107 120 428 50 39
108 184 113 39 49
109 356 139 28 79
110 46 81 17 64
111 855 954 115 35
112 397 0 27 48
113 223 142 53 22
114 374 449 72 18
115 516 139 27 45
116 192 501 35 92
117 130 953 31 47
118 487 0 116 19
119 328 139 28 79
120 184 0 39 52
121 424 26 63 22
122 696 106 65 30
123 0 428 120 39
124 980 829 20 78
125 844 819 156 10
126 475 888 74 15
127 151 65 33 40
128 911 861 49 46
129 183 836 39 49
130 961 106 39 39
131 448 844 101 28
132 437 578 49 36
133 564 19 39 36
134 704 887 30 50
135 826 249 63 47
136 127 261 69 17
137 593 921 24 79
138 250 829 7 171
139 51 145 77 14
140 970 954 30 35
