85
600 800
-1 0 0 430 32
-1 0 712 107 25
-1 180 712 233 26
-1 0 685 600 8
-1 73 661 527 24
-1 0 243 600 105
-1 554 85 46 85
-1 0 693 413 19
-1 430 693 170 63
-1 430 756 145 16
-1 0 466 600 23
-1 46 433 405 33
-1 0 151 365 39
-1 0 80 241 11
-1 288 80 109 3
-1 487 0 113 57
-1 0 428 451 5
-1 451 395 149 17
-1 288 83 154 9
-1 430 38 31 19
-1 430 57 170 26
-1 89 737 53 25
-1 430 772 109 28
-1 0 417 409 11
-1 79 395 330 22
-1 180 738 100 36
-1 300 738 113 62
-1 0 380 57 15
-1 237 380 23 15
-1 45 762 97 12
-1 0 357 260 23
-1 0 124 241 27
-1 0 91 95 33
-1 131 91 110 33
-1 0 635 600 26
-1 0 489 340 146
-1 516 489 84 146
-1 0 54 397 26
-1 0 32 156 22
-1 206 32 224 1
-1 206 38 191 16
-1 544 412 56 54
-1 0 237 501 6
-1 0 190 285 47
-1 318 190 183 47
-1 0 348 294 9
-1 319 348 281 47
-1 206 33 255 5
-1 288 92 77 59
-1 397 92 45 70
-1 397 162 104 28
-1 461 83 139 2
-1 461 85 40 77
-1 74 774 206 26
-1 554 170 11 73
1 107 712 73 25
2 0 661 73 24
3 501 85 53 158
4 413 693 17 107
5 575 756 25 44
6 0 433 46 33
7 142 737 38 37
8 241 80 47 71
9 461 0 26 57
10 409 395 42 33
11 397 38 33 45
12 45 737 44 25
13 539 772 36 28
14 0 395 79 22
15 280 738 20 62
16 166 380 71 15
17 0 737 45 37
18 260 357 34 38
19 95 91 36 33
20 340 489 176 146
21 156 32 50 22
22 451 412 93 54
23 285 190 33 47
24 57 380 109 15
25 294 348 25 47
26 430 0 31 33
27 365 92 32 98
28 442 83 19 79
29 0 774 74 26
30 565 170 35 73
