87
1 1 2
2 3 1
3 3 2
4 1 4
5 1 3
6 4 1
7 1 2
8 3 1
9 6 2
10 3 1
11 3 4
12 1 4
13 2 2
14 4 4
15 4 2
16 0 4
17 4 2
18 1 3
19 2 2
20 3 1
21 1 3
22 3 2
23 4 1
24 3 2
25 3 1
26 2 2
27 5 4
28 4 2
29 4 7
30 3 0
31 2 6
32 4 5
33 3 1
34 3 1
35 2 8
36 2 2
37 5 2
38 2 1
39 1 1
40 4 1
41 5 1
42 2 1
43 1 4
44 5 1
45 3 2
46 2 2
47 3 4
48 4 6
49 2 3
50 5 5
0 7585
0 3192
0 7585
0 1558
0 0
0 3192
0 6976
0 3192
1940 5211
0 7585
0 7585
0 3192
0 696
0 7585
0 7585
0 7585
0 3192
0 3192
0 7585
1940 5211
0 7585
2594 0
0 7585
0 5211
2594 696
0 7401
0 7585
0 4343
8528 1567
0 1287
6852 3648
0 1287
4894 5211
0 7585
0 1287
1940 5211
1817 4108
1627 5211
0 7585
1817 4234
0 7585
0 7585
664 4125
5903 5848
8528 1567
2495 3309
4218 1567
0 7585
1940 5211
0 5211
4218 3648
3435 0
4218 3648
0 7585
0 4248
5903 5848
4218 1567
4218 0
4218 3648
8842 696
0 2184
0 1287
0 7673
0 2184
0 6976
4218 696
0 6976
3435 0
0 2184
0 7673
0 7673
0 7673
4218 1558
884 5211
0 7673
4218 3648
7750 6432
1940 5211
3435 0
3435 0
0 5211
356 5211
6852 3648
0 7673
1940 5211
8224 1567
4218 0
4218 1558
6174 6432
4894 5211
0 7673
0 7673
1817 4234
0 6976
0 1287
5903 5211
1817 4234
3435 0
0 6976
0 7673
4218 4897
0 7673
4218 696
1940 5211
0 4343
0 7673
5903 5211
1627 5211
0 130
0 7673
4218 3192
0 1287
0 7673
4218 2738
0 6976
0 7673
0 7673
5903 5211
0 7585
4218 3192
0 130
0 1287
0 608
0 7673
6413 6432
3435 0
0 7673
0 2184
4218 1558
4218 1558
0 6976
6852 3648
6445 6901
0 7585
4218 1558
1337 5035
4218 4897
8528 1567
5903 5848
6445 6901
0 6976
0 6976
2594 0
0 7673
356 5211
6852 3648
4218 0
0 7673
4218 3648
4218 3192
884 5211
0 6976
4218 696
0 7673
4218 0
6852 3648
5903 5211
6852 3648
2594 0
6852 3648
0 7673
884 5211
1940 5211
0 7673
0 7673
0 7673
0 7585
7750 6432
0 7673
4218 696
7750 6432
4218 0
0 6976
0 4343
4218 1558
0 7673
0 7673
4218 4897
0 7673
4218 3648
1940 5211
0 7673
6852 3648
0 7673
0 2184
1817 4897
4218 1558
0 4343
4218 3192
4218 0
0 7673
0 2184
1940 5211
0 7673
5307 5211
4218 696
0 7673
4218 4897
0 7673
0 130
0 7673
0 7673
0 7673
0 7673
0 4248
7750 6432
4218 4897
8842 696
0 7673
1940 5211
0 6976
1940 5211
0 2184
0 7673
4218 3648
0 7673
0 1287
8775 2738
0 6976
0 6976
0 2184
4218 2738
0 2184
933 608
6852 3648
0 7673
2495 3309
4218 696
0 130
6445 6612
0 7673
6852 3648
5307 5211
4218 3648
0 7673
1817 4234
6445 6901
0 130
5903 5848
7750 6432
4218 1558
0 7585
6852 3648
1817 4108
1940 5211
0 7673
3435 0
4218 3648
0 7673
1940 5211
4218 1558
8842 696
4218 696
0 7673
4218 0
0 7673
4218 1558
0 2184
0 130
0 4343
5795 5211
0 7673
0 7673
0 5211
6852 3648
8528 1567
2594 0
4218 3192
4218 696
0 2184
4218 696
1940 5211
8528 1567
0 7673
4218 1558
4218 0
4218 4897
5307 5211
4218 4897
4218 3192
0 2184
2594 0
2495 3309
5903 5848
0 7673
0 7673
4218 1558
0 2184
4218 0
0 7673
0 7673
8528 1567
0 7673
1817 4234
4218 696
0 6976
0 7673
2495 0
4218 3192
2594 0
0 7673
1817 4234
933 608
8842 696
1337 5138
4218 2738
4218 3192
1817 4234
0 7673
4218 1558
0 7673
0 7673
4218 2738
8528 1567
0 2184
0 7673
6445 6901
0 130
1817 4234
0 7585
0 7673
0 7673
4218 3192
5903 5848
0 7673
0 7673
1940 5211
5795 5211
884 5211
4218 0
1940 5211
4218 696
5903 5211
4218 2738
1940 5211
4218 3192
0 7673
0 6976
4218 3648
0 7673
6852 3648
8775 2738
6445 6901
2594 0
3435 0
0 7673
4218 1558
2495 3309
5903 5211
0 7673
1940 5211
4218 0
4218 4897
0 6976
0 7673
884 5211
0 7673
1940 5211
933 608
6852 3648
4218 1558
0 2184
356 5211
7750 6432
6852 3648
884 5211
8775 2738
0 130
933 608
7750 6432
4894 5211
0 7673
1627 5211
4218 1558
0 1287
8528 1567
2495 0
0 7673
6852 3648
0 608
0 7673
4218 696
0 2184
4218 696
4218 3192
8528 1567
7750 6432
0 130
0 7673
4218 2738
0 7673
8528 1567
1940 5211
5903 5211
6852 3648
0 7673
0 1109
2594 0
4218 2738
6852 3648
8691 5671
2495 0
0 7673
4218 0
2594 0
0 7673
7750 6432
0 7673
8528 1567
0 7673
0 2184
4218 0
9360 5671
2594 0
2594 0
0 7673
0 7673
0 7673
0 1287
2495 3309
2495 0
8775 2738
3435 0
2495 3309
4218 1558
0 608
1817 4234
1817 4108
0 7673
7750 6432
0 7673
0 1287
1817 4897
0 7673
4218 3192
4218 696
0 7673
5903 5848
0 7673
4218 1558
884 5211
0 7673
1940 5211
2495 0
8528 1567
0 7673
4218 0
0 2184
6852 3648
3435 0
6852 3648
4218 3192
4218 4897
0 7673
0 2184
8842 696
8224 1567
5903 6432
5903 5848
6852 3648
4218 1558
0 608
8842 696
7750 6432
0 7673
1337 5035
5903 5848
4218 1558
7750 6432
5903 5211
0 7673
0 7673
0 7673
2495 3309
1940 5211
4218 2738
1817 4234
4894 5211
4218 3648
2594 0
0 1287
0 2184
0 7673
0 2184
0 1287
0 7673
0 7673
4218 2738
1817 4234
4218 2738
0 7585
5903 6432
884 5211
2594 0
0 7673
4218 1558
0 7673
0 7673
4218 1558
4218 3192
0 7673
6852 3648
8842 696
1940 5211
6852 3648
4218 4897
0 2184
6852 3648
0 7673
8775 2738
1940 5211
0 7673
0 7673
9360 5671
5903 5848
0 1287
3435 0
4218 696
6852 3648
3435 0
1817 4234
4218 3192
0 7673
4218 4897
0 2184
0 7673
0 5211
4218 2738
4218 1558
1337 5035
0 7673
933 608
4218 3192
4218 0
8528 1567
3435 0
4218 3192
0 7673
3435 0
356 5211
4218 2738
5903 6432
0 7673
0 6976
8842 696
8528 1567
1817 4234
0 1109
0 6976
0 2184
0 7673
6445 6901
3435 0
6174 6432
2495 3309
0 7673
4218 3648
0 6976
6852 3648
3435 0
4218 696
4894 5211
0 1287
0 7673
5903 5211
8691 5671
0 7673
0 7673
4218 2738
4218 3192
1940 5211
0 7673
356 5211
0 7673
0 1287
0 0
1940 5211
3435 0
6852 3648
6852 3648
4218 0
4218 1558
5307 5211
4218 4897
4218 696
6852 3648
1940 5211
0 2184
0 2184
2594 0
0 7673
0 7673
0 7673
1817 4234
0 7673
2594 0
1940 5211
4218 1558
4218 1558
3435 0
1940 5211
4218 1558
4218 3192
2594 0
0 2184
6445 6494
7750 6432
0 7673
1940 5211
1817 4234
4218 1558
2594 0
7750 6432
356 5211
0 7673
2495 3309
0 6976
6852 3648
3435 0
0 7673
4218 2738
1940 5211
4218 3648
0 7673
0 7673
8775 2738
8528 1567
0 6976
4218 0
0 4343
4218 0
3435 0
0 0
2495 0
4218 1558
4218 1558
0 7673
1817 4234
5903 5671
4218 1558
7750 6432
0 2184
5903 5848
4218 0
0 7673
7750 6432
1337 5035
0 7673
3435 0
0 7673
0 7673
5903 5848
0 2184
1337 4622
4218 3192
0 7673
1817 4234
1940 5211
0 7673
7750 6432
1940 5211
0 1287
6852 3648
2495 3309
0 7673
3435 0
356 5211
0 7673
0 1287
3435 0
7750 6432
4218 3192
4218 3648
1940 5211
0 7673
0 2184
0 7673
0 7673
0 6976
8528 1567
4218 2738
1940 5211
4218 696
0 2184
3435 0
3435 0
0 7673
6852 3648
5903 5211
4218 3648
0 7673
0 7673
6852 3648
0 130
0 7673
1940 5211
7750 6432
0 2184
1940 5211
0 2184
4218 696
6852 3648
0 7673
0 7673
1817 4234
6445 6494
7352 6612
0 7673
4218 3648
0 7673
0 7673
0 7673
1940 5211
0 7673
0 7673
1940 5211
0 2184
4218 1558
0 7673
8224 1567
4218 696
0 2184
6852 3648
8775 2738
7373 6739
4218 1558
0 7673
6852 3648
0 7673
4218 696
0 4343
0 7673
3435 0
5903 5211
0 2184
356 5211
4218 1558
0 4343
0 130
0 2184
1940 5211
4218 3192
5903 6432
0 1287
3435 0
4218 696
0 6976
0 7673
3435 0
1940 5211
4218 3648
5903 5211
2594 0
0 2184
0 2184
0 1287
5903 5211
0 5211
4218 1558
0 2184
0 2184
0 7673
3435 0
4218 0
2594 0
5307 5211
0 2184
356 5211
0 7673
0 7673
4218 1558
0 7673
4218 2738
0 7673
0 7673
0 7673
1940 5211
0 6976
4218 1558
0 608
4218 3192
356 5211
1337 5035
0 7673
4218 1558
1940 5211
0 7673
0 7673
1817 4234
1817 4234
0 2184
6445 6901
0 7585
0 7673
356 5211
4218 696
0 7673
4218 3648
6445 6901
1940 5211
1940 5211
0 7585
0 7673
0 6976
2594 0
1940 5211
3435 0
6445 6901
1940 5211
4218 696
8842 696
3435 0
0 7673
884 5211
0 7673
3435 0
0 7673
6852 3648
0 7673
0 130
356 5211
0 130
0 1287
2495 0
6852 3648
0 7673
0 2184
884 5211
4894 5211
4218 1558
7750 6432
0 7673
0 7673
5903 5211
5903 5848
1940 5211
0 6976
4218 0
4218 3648
0 7673
4218 0
6852 3648
0 2184
0 7673
884 5211
0 7673
0 7673
0 4343
6445 6901
0 6976
0 7673
0 7673
7750 6432
1817 4234
7750 6432
0 7673
0 7673
1940 5211
4218 1558
0 7673
1940 5211
4218 696
0 7673
4218 3192
0 7673
4218 696
0 7673
2594 0
1940 5211
6852 3648
0 7673
4894 5211
0 7673
0 2184
4218 696
0 6976
0 2184
0 7673
4218 1558
0 6976
0 7673
0 7673
3435 0
0 608
1817 4897
0 6976
4218 0
5307 5211
6174 6432
0 7673
0 1287
5903 5848
4218 3192
0 7673
6445 6811
8528 1567
4218 1558
5903 5211
0 4125
0 7673
5903 5211
4218 1558
1940 5211
0 0
3435 0
0 7673
0 2184
1940 5211
6852 3648
0 7673
6445 6901
0 7673
0 7673
6852 3648
5903 5211
4218 1558
4218 696
0 4343
0 1109
1817 4234
0 7673
0 1287
4218 0
6852 3648
4218 4897
0 6976
0 1287
1940 5211
0 2184
6852 3648
4218 696
1940 5211
5903 5848
0 6976
1940 5211
0 7673
4218 0
4218 1558
0 7673
4218 696
1627 5211
8528 1567
0 7673
4218 2738
0 1287
4218 0
9360 5671
4218 3192
4218 3192
0 7673
2594 0
8528 1567
8842 696
0 7673
0 7673
0 7673
0 7673
6852 3648
0 7673
0 7673
4218 1558
4218 3192
1817 4234
4218 1558
7750 6432
1817 4897
0 7673
4218 3648
4218 696
4218 3192
4218 1558
5903 5671
1627 5211
0 7673
8224 1567
0 7673
0 7673
1940 5211
4218 1558
0 2184
4218 696
4218 2738
933 608
4218 696
4218 2738
0 7673
933 608
0 2184
4894 5211
4218 696
0 6976
2594 0
2495 3309
1627 5211
356 5211
4218 2738
0 7673
933 608
8691 5671
4218 4897
